Plotting_Scripts/Figure8/model2501_coreRangeGrids.grd
DSAA
128	 60
-6350.0000	  6350.0000
   50.0000	  5950.0000
    0.0048	     4.0000
[rows 0 to 31 of 60, columns 0 to 70 of 128]
2.3006 2.3006 2.2468 2.2468 2.1516 2.1516 2.0333 2.0333 1.9078 1.9078 1.7840 1.7840 1.6648 1.6648 1.5515 1.5515 1.4492 1.4492 1.3678 1.3678 1.3192 1.3192 1.3141 1.3141 1.3603 1.3603 1.4615 1.4615 1.6152 1.6152 1.8111 1.8111 2.0312 2.0312 2.2544 2.2544 2.4629 2.4629 2.6463 2.6463 2.8018 2.8018 2.9311 2.9311 3.0375 3.0375 3.1247 3.1247 3.1962 3.1962 3.2553 3.2553 3.3041 3.3041 3.3435 3.3435 3.3754 3.3754 3.4034 3.4034 3.4327 3.4327 3.4662 3.4662 3.5015 3.5015 3.5307 3.5307 3.5445 3.5445 3.5365
2.3816 2.3816 2.3049 2.3049 2.1692 2.1692 2.0003 2.0003 1.8205 1.8205 1.6438 1.6438 1.4787 1.4787 1.3347 1.3347 1.2248 1.2248 1.1602 1.1602 1.1427 1.1427 1.1641 1.1641 1.2130 1.2130 1.2829 1.2829 1.3750 1.3750 1.4951 1.4951 1.6470 1.6470 1.8258 1.8258 2.0180 2.0180 2.2064 2.2064 2.3759 2.3759 2.5179 2.5179 2.6309 2.6309 2.7186 2.7186 2.7875 2.7875 2.8436 2.8436 2.8914 2.8914 2.9335 2.9335 2.9712 2.9712 3.0057 3.0057 3.0388 3.0388 3.0732 3.0732 3.1100 3.1100 3.1474 3.1474 3.1822 3.1822 3.2115
2.3985 2.3985 2.3253 2.3253 2.1959 2.1959 2.0325 2.0325 1.8531 1.8531 1.6700 1.6700 1.4955 1.4955 1.3451 1.3451 1.2345 1.2345 1.1725 1.1725 1.1557 1.1557 1.1720 1.1720 1.2090 1.2090 1.2601 1.2601 1.3263 1.3263 1.4131 1.4131 1.5255 1.5255 1.6634 1.6634 1.8199 1.8199 1.9827 1.9827 2.1383 2.1383 2.2771 2.2771 2.3950 2.3950 2.4931 2.4931 2.5733 2.5733 2.6374 2.6374 2.6881 2.6881 2.7315 2.7315 2.7750 2.7750 2.8241 2.8241 2.8804 2.8804 2.9422 2.9422 3.0056 3.0056 3.0664 3.0664 3.1213 3.1213 3.1682
2.3138 2.3138 2.2437 2.2437 2.1212 2.1212 1.9695 1.9695 1.8063 1.8063 1.6432 1.6432 1.4911 1.4911 1.3620 1.3620 1.2658 1.2658 1.2059 1.2059 1.1795 1.1795 1.1811 1.1811 1.2051 1.2051 1.2467 1.2467 1.3022 1.3022 1.3705 1.3705 1.4535 1.4535 1.5540 1.5540 1.6719 1.6719 1.8028 1.8028 1.9393 1.9393 2.0746 2.0746 2.2040 2.2040 2.3242 2.3242 2.4294 2.4294 2.5133 2.5133 2.5733 2.5733 2.6155 2.6155 2.6537 2.6537 2.7030 2.7030 2.7727 2.7727 2.8633 2.8633 2.9665 2.9665 3.0707 3.0707 3.1652 3.1652 3.2418
2.0904 2.0904 2.0207 2.0207 1.9018 1.9018 1.7611 1.7611 1.6190 1.6190 1.4865 1.4865 1.3694 1.3694 1.2726 1.2726 1.1994 1.1994 1.1508 1.1508 1.1268 1.1268 1.1279 1.1279 1.1534 1.1534 1.1986 1.1986 1.2554 1.2554 1.3181 1.3181 1.3870 1.3870 1.4662 1.4662 1.5588 1.5588 1.6655 1.6655 1.7853 1.7853 1.9171 1.9171 2.0587 2.0587 2.2039 2.2039 2.3413 2.3413 2.4574 2.4574 2.5437 2.5437 2.6020 2.6020 2.6448 2.6448 2.6913 2.6913 2.7589 2.7589 2.8561 2.8561 2.9782 2.9782 3.1097 3.1097 3.2320 3.2320 3.3287
1.7457 1.7457 1.6762 1.6762 1.5600 1.5600 1.4283 1.4283 1.3047 1.3047 1.2002 1.2002 1.1167 1.1167 1.0536 1.0536 1.0106 1.0106 0.9878 0.9878 0.9862 0.9862 1.0075 1.0075 1.0510 1.0510 1.1105 1.1105 1.1763 1.1763 1.2415 1.2415 1.3068 1.3068 1.3776 1.3776 1.4584 1.4584 1.5505 1.5505 1.6555 1.6555 1.7771 1.7771 1.9186 1.9186 2.0770 2.0770 2.2410 2.2410 2.3939 2.3939 2.5217 2.5217 2.6185 2.6185 2.6904 2.6904 2.7534 2.7534 2.8275 2.8275 2.9262 2.9262 3.0492 3.0492 3.1822 3.1822 3.3050 3.3050 3.4002
1.3551 1.3551 1.2884 1.2884 1.1776 1.1776 1.0541 1.0541 0.9431 0.9431 0.8570 0.8570 0.7976 0.7976 0.7628 0.7628 0.7505 0.7505 0.7594 0.7594 0.7896 0.7896 0.8417 0.8417 0.9141 0.9141 1.0001 1.0001 1.0886 1.0886 1.1717 1.1717 1.2498 1.2498 1.3287 1.3287 1.4124 1.4124 1.5009 1.5009 1.5943 1.5943 1.6976 1.6976 1.8195 1.8195 1.9654 1.9654 2.1316 2.1316 2.3052 2.3052 2.4688 2.4688 2.6088 2.6088 2.7226 2.7226 2.8210 2.8210 2.9221 2.9221 3.0390 3.0390 3.1712 3.1712 3.3050 3.3050 3.4220 3.4220 3.5083
0.9676 0.9676 0.9093 0.9093 0.8129 0.8129 0.7064 0.7064 0.6115 0.6115 0.5393 0.5393 0.4932 0.4932 0.4736 0.4736 0.4805 0.4805 0.5132 0.5132 0.5707 0.5707 0.6522 0.6522 0.7552 0.7552 0.8729 0.8729 0.9937 0.9937 1.1092 1.1092 1.2181 1.2181 1.3238 1.3238 1.4269 1.4269 1.5244 1.5244 1.6153 1.6153 1.7060 1.7060 1.8089 1.8089 1.9370 1.9370 2.0955 2.0955 2.2779 2.2779 2.4679 2.4679 2.6474 2.6474 2.8069 2.8069 2.9504 2.9504 3.0898 3.0898 3.2333 3.2333 3.3770 3.3770 3.5070 3.5070 3.6086 3.6086 3.6739
0.7908 0.7908 0.7375 0.7375 0.6503 0.6503 0.5545 0.5545 0.4689 0.4689 0.4026 0.4026 0.3596 0.3596 0.3428 0.3428 0.3550 0.3550 0.3967 0.3967 0.4667 0.4667 0.5631 0.5631 0.6820 0.6820 0.8152 0.8152 0.9511 0.9511 1.0818 1.0818 1.2068 1.2068 1.3282 1.3282 1.4448 1.4448 1.5514 1.5514 1.6467 1.6467 1.7376 1.7376 1.8386 1.8386 1.9649 1.9649 2.1250 2.1250 2.3151 2.3151 2.5195 2.5195 2.7182 2.7182 2.8984 2.8984 3.0605 3.0605 3.2128 3.2128 3.3606 3.3606 3.4992 3.4992 3.6157 3.6157 3.6990 3.6990 3.7451
0.5123 0.5123 0.4677 0.4677 0.3965 0.3965 0.3203 0.3203 0.2515 0.2515 0.1942 0.1942 0.1525 0.1525 0.1342 0.1342 0.1481 0.1481 0.1986 0.1986 0.2858 0.2858 0.4061 0.4061 0.5518 0.5518 0.7109 0.7109 0.8709 0.8709 1.0263 1.0263 1.1789 1.1789 1.3304 1.3304 1.4755 1.4755 1.6059 1.6059 1.7192 1.7192 1.8238 1.8238 1.9362 1.9362 2.0746 2.0746 2.2519 2.2519 2.4665 2.4665 2.7003 2.7003 2.9272 2.9272 3.1281 3.1281 3.2992 3.2992 3.4462 3.4462 3.5733 3.5733 3.6762 3.6762 3.7462 3.7462 3.7784 3.7784 3.7764
0.3616 0.3616 0.3223 0.3223 0.2601 0.2601 0.1943 0.1943 0.1353 0.1353 0.0851 0.0851 0.0464 0.0464 0.0270 0.0270 0.0364 0.0364 0.0811 0.0811 0.1642 0.1642 0.2846 0.2846 0.4357 0.4357 0.6057 0.6057 0.7819 0.7819 0.9583 0.9583 1.1353 1.1353 1.3119 1.3119 1.4816 1.4816 1.6364 1.6364 1.7751 1.7751 1.9057 1.9057 2.0428 2.0428 2.2038 2.2038 2.4016 2.4016 2.6340 2.6340 2.8792 2.8792 3.1056 3.1056 3.2908 3.2908 3.4324 3.4324 3.5411 3.5411 3.6259 3.6259 3.6851 3.6851 3.7108 3.7108 3.6982 3.6982 3.6523
0.3258 0.3258 0.2877 0.2877 0.2269 0.2269 0.1620 0.1620 0.1041 0.1041 0.0568 0.0568 0.0223 0.0223 0.0064 0.0064 0.0164 0.0164 0.0581 0.0581 0.1354 0.1354 0.2494 0.2494 0.3959 0.3959 0.5648 0.5648 0.7441 0.7441 0.9266 0.9266 1.1105 1.1105 1.2938 1.2938 1.4706 1.4706 1.6349 1.6349 1.7864 1.7864 1.9321 1.9321 2.0840 2.0840 2.2570 2.2570 2.4625 2.4625 2.6974 2.6974 2.9391 2.9391 3.1556 3.1556 3.3249 3.3249 3.4461 3.4461 3.5326 3.5326 3.5960 3.5960 3.6365 3.6365 3.6458 3.6458 3.6178 3.6178 3.5562
0.2976 0.2976 0.2607 0.2607 0.2003 0.2003 0.1341 0.1341 0.0760 0.0760 0.0330 0.0330 0.0087 0.0087 0.0048 0.0048 0.0223 0.0223 0.0628 0.0628 0.1301 0.1301 0.2288 0.2288 0.3600 0.3600 0.5175 0.5175 0.6904 0.6904 0.8693 0.8693 1.0488 1.0488 1.2261 1.2261 1.3999 1.3999 1.5706 1.5706 1.7410 1.7410 1.9154 1.9154 2.0987 2.0987 2.2980 2.2980 2.5179 2.5179 2.7522 2.7522 2.9793 2.9793 3.1712 3.1712 3.3097 3.3097 3.3967 3.3967 3.4470 3.4470 3.4743 3.4743 3.4813 3.4813 3.4624 3.4624 3.4121 3.4121 3.3321
0.2884 0.2884 0.2548 0.2548 0.1999 0.1999 0.1406 0.1406 0.0907 0.0907 0.0582 0.0582 0.0463 0.0463 0.0544 0.0544 0.0793 0.0793 0.1191 0.1191 0.1766 0.1766 0.2575 0.2575 0.3656 0.3656 0.4984 0.4984 0.6474 0.6474 0.8029 0.8029 0.9570 0.9570 1.1071 1.1071 1.2566 1.2566 1.4137 1.4137 1.5875 1.5875 1.7824 1.7824 1.9966 1.9966 2.2254 2.2254 2.4626 2.4626 2.6975 2.6975 2.9125 2.9125 3.0872 3.0872 3.2094 3.2094 3.2813 3.2813 3.3137 3.3137 3.3161 3.3161 3.2911 3.2911 3.2381 3.2381 3.1587 3.1587 3.0593
0.2839 0.2839 0.2541 0.2541 0.2062 0.2062 0.1560 0.1560 0.1164 0.1164 0.0945 0.0945 0.0925 0.0925 0.1084 0.1084 0.1384 0.1384 0.1802 0.1802 0.2355 0.2355 0.3089 0.3089 0.4036 0.4036 0.5186 0.5186 0.6483 0.6483 0.7849 0.7849 0.9205 0.9205 1.0519 1.0519 1.1833 1.1833 1.3255 1.3255 1.4910 1.4910 1.6858 1.6858 1.9071 1.9071 2.1453 2.1453 2.3891 2.3891 2.6254 2.6254 2.8379 2.8379 3.0098 3.0098 3.1312 3.1312 3.2031 3.2031 3.2331 3.2331 3.2276 3.2276 3.1880 3.1880 3.1158 3.1158 3.0171 3.0171 2.9030
0.2871 0.2871 0.2623 0.2623 0.2237 0.2237 0.1858 0.1858 0.1600 0.1600 0.1518 0.1518 0.1623 0.1623 0.1887 0.1887 0.2270 0.2270 0.2749 0.2749 0.3325 0.3325 0.4018 0.4018 0.4844 0.4844 0.5804 0.5804 0.6875 0.6875 0.8008 0.8008 0.9138 0.9138 1.0229 1.0229 1.1319 1.1319 1.2531 1.2531 1.4012 1.4012 1.5851 1.5851 1.8025 1.8025 2.0420 2.0420 2.2887 2.2887 2.5268 2.5268 2.7399 2.7399 2.9129 2.9129 3.0370 3.0370 3.1117 3.1117 3.1418 3.1418 3.1308 3.1308 3.0793 3.0793 2.9903 2.9903 2.8740 2.8740 2.7458
0.3075 0.3075 0.2884 0.2884 0.2603 0.2603 0.2361 0.2361 0.2256 0.2256 0.2330 0.2330 0.2579 0.2579 0.2975 0.2975 0.3477 0.3477 0.4058 0.4058 0.4699 0.4699 0.5390 0.5390 0.6125 0.6125 0.6912 0.6912 0.7754 0.7754 0.8629 0.8629 0.9492 0.9492 1.0313 1.0313 1.1133 1.1133 1.2079 1.2079 1.3312 1.3312 1.4946 1.4946 1.6983 1.6983 1.9316 1.9316 2.1777 2.1777 2.4177 2.4177 2.6331 2.6331 2.8089 2.8089 2.9360 2.9360 3.0132 3.0132 3.0431 3.0431 3.0277 3.0277 2.9681 2.9681 2.8686 2.8686 2.7414 2.7414 2.6041
0.3520 0.3520 0.3380 0.3380 0.3195 0.3195 0.3086 0.3086 0.3134 0.3134 0.3366 0.3366 0.3770 0.3770 0.4315 0.4315 0.4963 0.4963 0.5671 0.5671 0.6400 0.6400 0.7110 0.7110 0.7786 0.7786 0.8435 0.8435 0.9071 0.9071 0.9689 0.9689 1.0260 1.0260 1.0776 1.0776 1.1292 1.1292 1.1943 1.1943 1.2899 1.2899 1.4291 1.4291 1.6149 1.6149 1.8387 1.8387 2.0825 2.0825 2.3238 2.3238 2.5409 2.5409 2.7175 2.7175 2.8444 2.8444 2.9201 2.9201 2.9468 2.9468 2.9273 2.9273 2.8636 2.8636 2.7612 2.7612 2.6323 2.6323 2.4933
0.4230 0.4230 0.4126 0.4126 0.4014 0.4014 0.4012 0.4012 0.4191 0.4191 0.4567 0.4567 0.5122 0.5122 0.5821 0.5821 0.6619 0.6619 0.7457 0.7457 0.8269 0.8269 0.9004 0.9004 0.9639 0.9639 1.0183 1.0183 1.0651 1.0651 1.1034 1.1034 1.1320 1.1320 1.1526 1.1526 1.1740 1.1740 1.2114 1.2114 1.2822 1.2822 1.4004 1.4004 1.5709 1.5709 1.7864 1.7864 2.0278 2.0278 2.2690 2.2690 2.4849 2.4849 2.6576 2.6576 2.7787 2.7787 2.8473 2.8473 2.8671 2.8671 2.8426 2.8426 2.7781 2.7781 2.6794 2.6794 2.5561 2.5561 2.4211
0.5215 0.5215 0.5126 0.5126 0.5049 0.5049 0.5109 0.5109 0.5377 0.5377 0.5865 0.5865 0.6547 0.6547 0.7383 0.7383 0.8314 0.8314 0.9260 0.9260 1.0137 1.0137 1.0885 1.0885 1.1486 1.1486 1.1951 1.1951 1.2283 1.2283 1.2468 1.2468 1.2502 1.2502 1.2436 1.2436 1.2396 1.2396 1.2554 1.2554 1.3089 1.3089 1.4139 1.4139 1.5755 1.5755 1.7860 1.7860 2.0249 2.0249 2.2633 2.2633 2.4738 2.4738 2.6378 2.6378 2.7477 2.7477 2.8046 2.8046 2.8145 2.8145 2.7846 2.7846 2.7210 2.7210 2.6284 2.6284 2.5130 2.5130 2.3832
0.6472 0.6472 0.6376 0.6376 0.6292 0.6292 0.6358 0.6358 0.6658 0.6658 0.7209 0.7209 0.7980 0.7980 0.8916 0.8916 0.9940 0.9940 1.0954 1.0954 1.1865 1.1865 1.2614 1.2614 1.3186 1.3186 1.3591 1.3591 1.3819 1.3819 1.3847 1.3847 1.3683 1.3683 1.3412 1.3412 1.3193 1.3193 1.3221 1.3221 1.3674 1.3674 1.4675 1.4675 1.6259 1.6259 1.8336 1.8336 2.0685 2.0685 2.3006 2.3006 2.5016 2.5016 2.6534 2.6534 2.7494 2.7494 2.7926 2.7926 2.7914 2.7914 2.7556 2.7556 2.6917 2.6917 2.6032 2.6032 2.4925 2.4925 2.3646
0.7963 0.7963 0.7842 0.7842 0.7713 0.7713 0.7731 0.7731 0.8007 0.8007 0.8570 0.8570 0.9382 0.9382 1.0367 1.0367 1.1429 1.1429 1.2462 1.2462 1.3375 1.3375 1.4117 1.4117 1.4675 1.4675 1.5047 1.5047 1.5208 1.5208 1.5125 1.5125 1.4821 1.4821 1.4413 1.4413 1.4093 1.4093 1.4069 1.4069 1.4511 1.4511 1.5518 1.5518 1.7098 1.7098 1.9142 1.9142 2.1421 2.1421 2.3642 2.3642 2.5533 2.5533 2.6919 2.6919 2.7741 2.7741 2.8042 2.8042 2.7923 2.7923 2.7492 2.7492 2.6817 2.6817 2.5916 2.5916 2.4792 2.4792 2.3479
0.9611 0.9611 0.9451 0.9451 0.9249 0.9249 0.9181 0.9181 0.9388 0.9388 0.9917 0.9917 1.0722 1.0722 1.1703 1.1703 1.2747 1.2747 1.3755 1.3755 1.4651 1.4651 1.5396 1.5396 1.5969 1.5969 1.6347 1.6347 1.6479 1.6479 1.6327 1.6327 1.5929 1.5929 1.5434 1.5434 1.5063 1.5063 1.5035 1.5035 1.5503 1.5503 1.6535 1.6535 1.8107 1.8107 2.0090 2.0090 2.2263 2.2263 2.4357 2.4357 2.6122 2.6122 2.7391 2.7391 2.8103 2.8103 2.8299 2.8299 2.8083 2.8083 2.7565 2.7565 2.6811 2.6811 2.5833 2.5833 2.4626 2.4626 2.3233
1.1315 1.1315 1.1109 1.1109 1.0824 1.0824 1.0653 1.0653 1.0767 1.0767 1.1231 1.1231 1.1989 1.1989 1.2921 1.2921 1.3908 1.3908 1.4870 1.4870 1.5755 1.5755 1.6529 1.6529 1.7154 1.7154 1.7572 1.7572 1.7704 1.7704 1.7504 1.7504 1.7030 1.7030 1.6466 1.6466 1.6062 1.6062 1.6044 1.6044 1.6545 1.6545 1.7595 1.7595 1.9135 1.9135 2.1024 2.1024 2.3060 2.3060 2.5010 2.5010 2.6655 2.6655 2.7835 2.7835 2.8478 2.8478 2.8607 2.8607 2.8311 2.8311 2.7699 2.7699 2.6837 2.6837 2.5743 2.5743 2.4421 2.4421 2.2928
1.2976 1.2976 1.2732 1.2732 1.2376 1.2376 1.2116 1.2116 1.2143 1.2143 1.2527 1.2527 1.3210 1.3210 1.4065 1.4065 1.4985 1.4985 1.5911 1.5911 1.6811 1.6811 1.7642 1.7642 1.8339 1.8339 1.8805 1.8805 1.8937 1.8937 1.8686 1.8686 1.8133 1.8133 1.7498 1.7498 1.7060 1.7060 1.7050 1.7050 1.7576 1.7576 1.8626 1.8626 2.0106 2.0106 2.1869 2.1869 2.3741 2.3741 2.5533 2.5533 2.7061 2.7061 2.8174 2.8174 2.8783 2.8783 2.8879 2.8879 2.8528 2.8528 2.7831 2.7831 2.6865 2.6865 2.5660 2.5660 2.4235 2.4235 2.2664
1.4533 1.4533 1.4272 1.4272 1.3884 1.3884 1.3579 1.3579 1.3544 1.3544 1.3850 1.3850 1.4442 1.4442 1.5210 1.5210 1.6073 1.6073 1.6990 1.6990 1.7929 1.7929 1.8827 1.8827 1.9584 1.9584 2.0076 2.0076 2.0188 2.0188 1.9876 1.9876 1.9245 1.9245 1.8544 1.8544 1.8077 1.8077 1.8072 1.8072 1.8609 1.8609 1.9636 1.9636 2.1028 2.1028 2.2638 2.2638 2.4323 2.4323 2.5937 2.5937 2.7333 2.7333 2.8373 2.8373 2.8951 2.8951 2.9028 2.9028 2.8644 2.8644 2.7894 2.7894 2.6865 2.6865 2.5600 2.5600 2.4132 2.4132 2.2545
1.5988 1.5988 1.5739 1.5739 1.5367 1.5367 1.5067 1.5067 1.5002 1.5002 1.5235 1.5235 1.5727 1.5727 1.6404 1.6404 1.7219 1.7219 1.8142 1.8142 1.9123 1.9123 2.0069 2.0069 2.0854 2.0854 2.1342 2.1342 2.1420 2.1420 2.1061 2.1061 2.0385 2.0385 1.9658 1.9658 1.9187 1.9187 1.9186 1.9186 1.9711 1.9711 2.0680 2.0680 2.1952 2.1952 2.3388 2.3388 2.4867 2.4867 2.6279 2.6279 2.7508 2.7508 2.8433 2.8433 2.8945 2.8945 2.8988 2.8988 2.8586 2.8586 2.7828 2.7828 2.6801 2.6801 2.5558 2.5558 2.4135 2.4135 2.2615
1.7395 1.7395 1.7180 1.7180 1.6861 1.6861 1.6597 1.6597 1.6517 1.6517 1.6671 1.6671 1.7047 1.7047 1.7620 1.7620 1.8377 1.8377 1.9291 1.9291 2.0289 2.0289 2.1248 2.1248 2.2030 2.2030 2.2503 2.2503 2.2569 2.2569 2.2217 2.2217 2.1574 2.1574 2.0895 2.0895 2.0461 2.0461 2.0464 2.0464 2.0942 2.0942 2.1808 2.1808 2.2926 2.2926 2.4168 2.4168 2.5430 2.5430 2.6618 2.6618 2.7636 2.7636 2.8385 2.8385 2.8775 2.8775 2.8756 2.8756 2.8346 2.8346 2.7622 2.7622 2.6665 2.6665 2.5520 2.5520 2.4224 2.4224 2.2848
1.8824 1.8824 1.8651 1.8651 1.8389 1.8389 1.8155 1.8155 1.8041 1.8041 1.8092 1.8092 1.8327 1.8327 1.8770 1.8770 1.9435 1.9435 2.0297 2.0297 2.1264 2.1264 2.2202 2.2202 2.2971 2.2971 2.3451 2.3451 2.3560 2.3560 2.3301 2.3301 2.2792 2.2792 2.2250 2.2250 2.1906 2.1906 2.1915 2.1915 2.2312 2.2312 2.3035 2.3035 2.3973 2.3973 2.5012 2.5012 2.6048 2.6048 2.6990 2.6990 2.7758 2.7758 2.8284 2.8284 2.8511 2.8511 2.8409 2.8409 2.7999 2.7999 2.7341 2.7341 2.6496 2.6496 2.5497 2.5497 2.4372 2.4372 2.3181
2.0328 2.0328 2.0185 2.0185 1.9953 1.9953 1.9707 1.9707 1.9512 1.9512 1.9419 1.9419 1.9484 1.9484 1.9764 1.9764 2.0293 2.0293 2.1045 2.1045 2.1929 2.1929 2.2817 2.2817 2.3580 2.3580 2.4109 2.4109 2.4332 2.4332 2.4253 2.4253 2.3970 2.3970 2.3645 2.3645 2.3441 2.3441 2.3471 2.3471 2.3780 2.3780 2.4349 2.4349 2.5102 2.5102 2.5935 2.5935 2.6738 2.6738 2.7420 2.7420 2.7919 2.7919 2.8205 2.8205 2.8261 2.8261 2.8081 2.8081 2.7682 2.7682 2.7104 2.7104 2.6383 2.6383 2.5537 2.5537 2.4586 2.4586 2.3577
2.1898 2.1898 2.1766 2.1766 2.1524 2.1524 2.1210 2.1210 2.0877 2.0877 2.0600 2.0600 2.0468 2.0468 2.0562 2.0562 2.0920 2.0920 2.1518 2.1518 2.2278 2.2278 2.3094 2.3094 2.3861 2.3861 2.4478 2.4478 2.4874 2.4874 2.5039 2.5039 2.5037 2.5037 2.4972 2.4972 2.4941 2.4941 2.5023 2.5023 2.5274 2.5274 2.5714 2.5714 2.6302 2.6302 2.6941 2.6941 2.7514 2.7514 2.7932 2.7932 2.8166 2.8166 2.8228 2.8228 2.8137 2.8137 2.7902 2.7902 2.7529 2.7529 2.7032 2.7032 2.6425 2.6425 2.5713 2.5713 2.4911 2.4911 2.4049
2.3444 2.3444 2.3307 2.3307 2.3025 2.3025 2.2606 2.2606 2.2103 2.2103 2.1622 2.1622 2.1286 2.1286 2.1190 2.1190 2.1369 2.1369 2.1798 2.1798 2.2417 2.2417 2.3154 2.3154 2.3930 2.3930 2.4658 2.4658 2.5255 2.5255 2.5685 2.5685 2.5969 2.5969 2.6161 2.6161 2.6311 2.6311 2.6475 2.6475 2.6716 2.6716 2.7077 2.7077 2.7537 2.7537 2.8004 2.8004 2.8361 2.8361 2.8535 2.8535 2.8532 2.8532 2.8408 2.8408 2.8212 2.8212 2.7955 2.7955 2.7627 2.7627 2.7212 2.7212 2.6703 2.6703 2.6098 2.6098 2.5407 2.5407 2.4649
