Plotting_Scripts/Figure5/coreRangeGrids.grd
DSAA
128	 60
-6350.0000	  6350.0000
   50.0000	  5950.0000
    0.0000	     3.9925
[rows 0 to 31 of 60, columns 0 to 70 of 128]
2.3474 2.3474 2.3580 2.3580 2.3735 2.3735 2.3901 2.3901 2.4134 2.4134 2.4558 2.4558 2.5269 2.5269 2.6260 2.6260 2.7422 2.7422 2.8605 2.8605 2.9677 2.9677 3.0578 3.0578 3.1342 3.1342 3.2069 3.2069 3.2850 3.2850 3.3712 3.3712 3.4630 3.4630 3.5550 3.5550 3.6408 3.6408 3.7131 3.7131 3.7649 3.7649 3.7921 3.7921 3.7970 3.7970 3.7877 3.7877 3.7733 3.7733 3.7577 3.7577 3.7380 3.7380 3.7094 3.7094 3.6700 3.6700 3.6215 3.6215 3.5660 3.5660 3.5038 3.5038 3.4343 3.4343 3.3587 3.3587 3.2816 3.2816 3.2089
2.7247 2.7247 2.7314 2.7314 2.7511 2.7511 2.7898 2.7898 2.8479 2.8479 2.9199 2.9199 2.9982 2.9982 3.0774 3.0774 3.1553 3.1553 3.2301 3.2301 3.2984 3.2984 3.3575 3.3575 3.4097 3.4097 3.4615 3.4615 3.5196 3.5196 3.5865 3.5865 3.6597 3.6597 3.7318 3.7318 3.7922 3.7922 3.8320 3.8320 3.8487 3.8487 3.8480 3.8480 3.8401 3.8401 3.8352 3.8352 3.8386 3.8386 3.8479 3.8479 3.8537 3.8537 3.8459 3.8459 3.8206 3.8206 3.7814 3.7814 3.7367 3.7367 3.6937 3.6937 3.6554 3.6554 3.6212 3.6212 3.5892 3.5892 3.5589
2.8695 2.8695 2.8736 2.8736 2.8905 2.8905 2.9288 2.9288 2.9893 2.9893 3.0633 3.0633 3.1373 3.1373 3.2020 3.2020 3.2563 3.2563 3.3046 3.3046 3.3514 3.3514 3.3976 3.3976 3.4429 3.4429 3.4878 3.4878 3.5349 3.5349 3.5877 3.5877 3.6472 3.6472 3.7072 3.7072 3.7554 3.7554 3.7806 3.7806 3.7811 3.7811 3.7666 3.7666 3.7519 3.7519 3.7503 3.7503 3.7668 3.7668 3.7956 3.7956 3.8237 3.8237 3.8390 3.8390 3.8380 3.8380 3.8263 3.8263 3.8132 3.8132 3.8050 3.8050 3.8018 3.8018 3.7991 3.7991 3.7923 3.7923 3.7786
2.9217 2.9217 2.9208 2.9208 2.9298 2.9298 2.9614 2.9614 3.0192 3.0192 3.0932 3.0932 3.1654 3.1654 3.2212 3.2212 3.2574 3.2574 3.2814 3.2814 3.3033 3.3033 3.3294 3.3294 3.3610 3.3610 3.3972 3.3972 3.4384 3.4384 3.4865 3.4865 3.5414 3.5414 3.5960 3.5960 3.6379 3.6379 3.6569 3.6569 3.6541 3.6541 3.6424 3.6424 3.6391 3.6391 3.6565 3.6565 3.6960 3.6960 3.7475 3.7475 3.7961 3.7961 3.8304 3.8304 3.8484 3.8484 3.8559 3.8559 3.8608 3.8608 3.8679 3.8679 3.8760 3.8760 3.8807 3.8807 3.8778 3.8778 3.8648
2.8918 2.8918 2.8922 2.8922 2.9035 2.9035 2.9374 2.9374 2.9946 2.9946 3.0612 3.0612 3.1164 3.1164 3.1457 3.1457 3.1480 3.1480 3.1347 3.1347 3.1222 3.1222 3.1241 3.1241 3.1472 3.1472 3.1912 3.1912 3.2507 3.2507 3.3178 3.3178 3.3842 3.3842 3.4412 3.4412 3.4808 3.4808 3.4992 3.4992 3.5011 3.5011 3.5003 3.5003 3.5134 3.5134 3.5510 3.5510 3.6116 3.6116 3.6829 3.6829 3.7488 3.7488 3.7975 3.7975 3.8260 3.8260 3.8378 3.8378 3.8386 3.8386 3.8321 3.8321 3.8190 3.8190 3.8000 3.8000 3.7776 3.7776 3.7558
2.8522 2.8522 2.8540 2.8540 2.8671 2.8671 2.8999 2.8999 2.9481 2.9481 2.9937 2.9937 3.0158 3.0158 3.0034 3.0034 2.9614 2.9614 2.9073 2.9073 2.8645 2.8645 2.8534 2.8534 2.8841 2.8841 2.9532 2.9532 3.0470 3.0470 3.1468 3.1468 3.2359 3.2359 3.3045 3.3045 3.3500 3.3500 3.3742 3.3742 3.3824 3.3824 3.3836 3.3836 3.3915 3.3915 3.4190 3.4190 3.4722 3.4722 3.5446 3.5446 3.6204 3.6204 3.6829 3.6829 3.7225 3.7225 3.7385 3.7385 3.7336 3.7336 3.7101 3.7101 3.6709 3.6709 3.6236 3.6236 3.5812 3.5812 3.5568
2.8220 2.8220 2.8185 2.8185 2.8216 2.8216 2.8396 2.8396 2.8677 2.8677 2.8877 2.8877 2.8802 2.8802 2.8368 2.8368 2.7660 2.7660 2.6894 2.6894 2.6341 2.6341 2.6223 2.6223 2.6635 2.6635 2.7518 2.7518 2.8706 2.8706 2.9976 2.9976 3.1120 3.1120 3.2008 3.2008 3.2612 3.2612 3.2960 3.2960 3.3085 3.3085 3.3043 3.3043 3.2949 3.2949 3.2985 3.2985 3.3306 3.3306 3.3925 3.3925 3.4690 3.4690 3.5379 3.5379 3.5834 3.5834 3.6007 3.6007 3.5914 3.5914 3.5585 3.5585 3.5081 3.5081 3.4522 3.4522 3.4080 3.4080 3.3915
2.7573 2.7573 2.7509 2.7509 2.7469 2.7469 2.7525 2.7525 2.7625 2.7625 2.7607 2.7607 2.7313 2.7313 2.6695 2.6695 2.5870 2.5870 2.5068 2.5068 2.4553 2.4553 2.4511 2.4511 2.4998 2.4998 2.5945 2.5945 2.7207 2.7207 2.8593 2.8593 2.9899 2.9899 3.0971 3.0971 3.1750 3.1750 3.2244 3.2244 3.2477 3.2477 3.2492 3.2492 3.2401 3.2401 3.2388 3.2388 3.2626 3.2626 3.3146 3.3146 3.3804 3.3804 3.4374 3.4374 3.4701 3.4701 3.4753 3.4753 3.4572 3.4572 3.4216 3.4216 3.3762 3.3762 3.3321 3.3321 3.3027 3.3027 3.2983
2.7038 2.7038 2.6990 2.6990 2.6967 2.6967 2.7019 2.7019 2.7084 2.7084 2.7004 2.7004 2.6636 2.6636 2.5953 2.5953 2.5080 2.5080 2.4259 2.4259 2.3750 2.3750 2.3726 2.3726 2.4228 2.4228 2.5184 2.5184 2.6462 2.6462 2.7885 2.7885 2.9254 2.9254 3.0404 3.0404 3.1259 3.1259 3.1820 3.1820 3.2116 3.2116 3.2196 3.2196 3.2168 3.2168 3.2197 3.2197 3.2434 3.2434 3.2902 3.2902 3.3466 3.3466 3.3923 3.3923 3.4140 3.4140 3.4109 3.4109 3.3896 3.3896 3.3572 3.3572 3.3208 3.3208 3.2893 3.2893 3.2721 3.2721 3.2756
2.5897 2.5897 2.5891 2.5891 2.5919 2.5919 2.5994 2.5994 2.6043 2.6043 2.5923 2.5923 2.5505 2.5505 2.4766 2.4766 2.3835 2.3835 2.2955 2.2955 2.2392 2.2392 2.2324 2.2324 2.2784 2.2784 2.3704 2.3704 2.4970 2.4970 2.6433 2.6433 2.7906 2.7906 2.9200 2.9200 3.0194 3.0194 3.0856 3.0856 3.1224 3.1224 3.1377 3.1377 3.1430 3.1430 3.1509 3.1509 3.1704 3.1704 3.2015 3.2015 3.2343 3.2343 3.2558 3.2558 3.2590 3.2590 3.2470 3.2470 3.2285 3.2285 3.2110 3.2110 3.1987 3.1987 3.1945 3.1945 3.2010 3.2010 3.2193
2.5469 2.5469 2.5426 2.5426 2.5358 2.5358 2.5275 2.5275 2.5146 2.5146 2.4891 2.4891 2.4416 2.4416 2.3696 2.3696 2.2830 2.2830 2.2027 2.2027 2.1518 2.1518 2.1454 2.1454 2.1863 2.1863 2.2694 2.2694 2.3870 2.3870 2.5290 2.5290 2.6797 2.6797 2.8191 2.8191 2.9291 2.9291 3.0012 3.0012 3.0383 3.0383 3.0518 3.0518 3.0548 3.0548 3.0560 3.0560 3.0583 3.0583 3.0602 3.0602 3.0585 3.0585 3.0518 3.0518 3.0411 3.0411 3.0304 3.0304 3.0233 3.0233 3.0212 3.0212 3.0231 3.0231 3.0287 3.0287 3.0398 3.0398 3.0589
2.5391 2.5391 2.5311 2.5311 2.5160 2.5160 2.4951 2.4951 2.4683 2.4683 2.4312 2.4312 2.3773 2.3773 2.3049 2.3049 2.2230 2.2230 2.1504 2.1504 2.1071 2.1071 2.1057 2.1057 2.1482 2.1482 2.2306 2.2306 2.3469 2.3469 2.4885 2.4885 2.6402 2.6402 2.7810 2.7810 2.8918 2.8918 2.9634 2.9634 3.0000 3.0000 3.0141 3.0141 3.0179 3.0179 3.0166 3.0166 3.0090 3.0090 2.9931 2.9931 2.9706 2.9706 2.9467 2.9467 2.9272 2.9272 2.9154 2.9154 2.9113 2.9113 2.9120 2.9120 2.9144 2.9144 2.9176 2.9176 2.9243 2.9243 2.9380
2.4198 2.4198 2.4074 2.4074 2.3837 2.3837 2.3514 2.3514 2.3127 2.3127 2.2663 2.2663 2.2083 2.2083 2.1388 2.1388 2.0670 2.0670 2.0095 2.0095 1.9830 1.9830 1.9973 1.9973 2.0542 2.0542 2.1506 2.1506 2.2796 2.2796 2.4291 2.4291 2.5807 2.5807 2.7131 2.7131 2.8101 2.8101 2.8691 2.8691 2.9007 2.9007 2.9193 2.9193 2.9316 2.9316 2.9331 2.9331 2.9147 2.9147 2.8740 2.8740 2.8191 2.8191 2.7641 2.7641 2.7207 2.7207 2.6923 2.6923 2.6759 2.6759 2.6664 2.6664 2.6601 2.6601 2.6558 2.6558 2.6543 2.6543 2.6578
2.1163 2.1163 2.1007 2.1007 2.0762 2.0762 2.0510 2.0510 2.0288 2.0288 2.0058 2.0058 1.9750 1.9750 1.9341 1.9341 1.8902 1.8902 1.8577 1.8577 1.8526 1.8526 1.8865 1.8865 1.9638 1.9638 2.0797 2.0797 2.2217 2.2217 2.3717 2.3717 2.5094 2.5094 2.6178 2.6178 2.6892 2.6892 2.7285 2.7285 2.7500 2.7500 2.7664 2.7664 2.7805 2.7805 2.7842 2.7842 2.7670 2.7670 2.7251 2.7251 2.6633 2.6633 2.5921 2.5921 2.5221 2.5221 2.4605 2.4605 2.4118 2.4118 2.3789 2.3789 2.3620 2.3620 2.3571 2.3571 2.3579 2.3579 2.3592
1.9298 1.9298 1.9121 1.9121 1.8866 1.8866 1.8657 1.8657 1.8552 1.8552 1.8505 1.8505 1.8426 1.8426 1.8265 1.8265 1.8060 1.8060 1.7925 1.7925 1.8007 1.8007 1.8431 1.8431 1.9255 1.9255 2.0431 2.0431 2.1815 2.1815 2.3215 2.3215 2.4445 2.4445 2.5374 2.5374 2.5966 2.5966 2.6285 2.6285 2.6458 2.6458 2.6595 2.6595 2.6720 2.6720 2.6765 2.6765 2.6636 2.6636 2.6277 2.6277 2.5693 2.5693 2.4947 2.4947 2.4130 2.4130 2.3343 2.3343 2.2686 2.2686 2.2242 2.2242 2.2037 2.2037 2.2010 2.2010 2.2050 2.2050 2.2062
1.7318 1.7318 1.7133 1.7133 1.6885 1.6885 1.6726 1.6726 1.6735 1.6735 1.6872 1.6872 1.7036 1.7036 1.7150 1.7150 1.7216 1.7216 1.7306 1.7306 1.7541 1.7541 1.8038 1.8038 1.8863 1.8863 1.9976 1.9976 2.1239 2.1239 2.2468 2.2468 2.3508 2.3508 2.4274 2.4274 2.4758 2.4758 2.5024 2.5024 2.5174 2.5174 2.5299 2.5299 2.5428 2.5428 2.5510 2.5510 2.5454 2.5454 2.5175 2.5175 2.4637 2.4637 2.3867 2.3867 2.2950 2.2950 2.2018 2.2018 2.1220 2.1220 2.0683 2.0683 2.0450 2.0450 2.0443 2.0443 2.0505 2.0505 2.0505
1.5197 1.5197 1.5035 1.5035 1.4832 1.4832 1.4745 1.4745 1.4863 1.4863 1.5162 1.5162 1.5547 1.5547 1.5927 1.5927 1.6271 1.6271 1.6614 1.6614 1.7030 1.7030 1.7611 1.7611 1.8414 1.8414 1.9414 1.9414 2.0495 2.0495 2.1507 2.1507 2.2335 2.2335 2.2938 2.2938 2.3331 2.3331 2.3563 2.3563 2.3709 2.3709 2.3845 2.3845 2.4005 2.4005 2.4150 2.4150 2.4178 2.4178 2.3973 2.3973 2.3465 2.3465 2.2665 2.2665 2.1672 2.1672 2.0641 2.0641 1.9753 1.9753 1.9162 1.9162 1.8913 1.8913 1.8909 1.8909 1.8967 1.8967 1.8934
1.2934 1.2934 1.2824 1.2824 1.2704 1.2704 1.2707 1.2707 1.2922 1.2922 1.3345 1.3345 1.3902 1.3902 1.4508 1.4508 1.5119 1.5119 1.5732 1.5732 1.6371 1.6371 1.7076 1.7076 1.7881 1.7881 1.8769 1.8769 1.9660 1.9660 2.0447 2.0447 2.1067 2.1067 2.1519 2.1519 2.1834 2.1834 2.2047 2.2047 2.2203 2.2203 2.2363 2.2363 2.2560 2.2560 2.2759 2.2759 2.2841 2.2841 2.2667 2.2667 2.2152 2.2152 2.1319 2.1319 2.0284 2.0284 1.9225 1.9225 1.8330 1.8330 1.7743 1.7743 1.7496 1.7496 1.7475 1.7475 1.7492 1.7492 1.7401
1.0622 1.0622 1.0576 1.0576 1.0551 1.0551 1.0645 1.0645 1.0932 1.0932 1.1430 1.1430 1.2098 1.2098 1.2877 1.2877 1.3725 1.3725 1.4610 1.4610 1.5505 1.5505 1.6389 1.6389 1.7255 1.7255 1.8084 1.8084 1.8825 1.8825 1.9421 1.9421 1.9861 1.9861 2.0181 2.0181 2.0429 2.0429 2.0628 2.0628 2.0798 2.0798 2.0974 2.0974 2.1182 2.1182 2.1381 2.1381 2.1446 2.1446 2.1234 2.1234 2.0676 2.0676 1.9819 1.9819 1.8806 1.8806 1.7814 1.7814 1.7010 1.7010 1.6497 1.6497 1.6271 1.6271 1.6210 1.6210 1.6146 1.6146 1.5971
0.8426 0.8426 0.8439 0.8439 0.8500 0.8500 0.8666 0.8666 0.8995 0.8995 0.9520 0.9520 1.0241 1.0241 1.1135 1.1135 1.2171 1.2171 1.3302 1.3302 1.4454 1.4454 1.5548 1.5548 1.6531 1.6531 1.7369 1.7369 1.8029 1.8029 1.8495 1.8495 1.8799 1.8799 1.9016 1.9016 1.9207 1.9207 1.9391 1.9391 1.9565 1.9565 1.9737 1.9737 1.9911 1.9911 2.0038 2.0038 2.0004 2.0004 1.9692 1.9692 1.9070 1.9070 1.8223 1.8223 1.7305 1.7305 1.6476 1.6476 1.5846 1.5846 1.5454 1.5454 1.5254 1.5254 1.5130 1.5130 1.4958 1.4958 1.4686
0.6497 0.6497 0.6558 0.6558 0.6687 0.6687 0.6904 0.6904 0.7248 0.7248 0.7768 0.7768 0.8499 0.8499 0.9454 0.9454 1.0620 1.0620 1.1936 1.1936 1.3296 1.3296 1.4577 1.4577 1.5686 1.5686 1.6574 1.6574 1.7215 1.7215 1.7619 1.7619 1.7846 1.7846 1.7998 1.7998 1.8152 1.8152 1.8325 1.8325 1.8495 1.8495 1.8641 1.8641 1.8743 1.8743 1.8748 1.8748 1.8566 1.8566 1.8129 1.8129 1.7455 1.7455 1.6659 1.6659 1.5893 1.5893 1.5272 1.5272 1.4837 1.4837 1.4564 1.4564 1.4376 1.4376 1.4175 1.4175 1.3896 1.3896 1.3544
0.4897 0.4897 0.4996 0.4996 0.5176 0.5176 0.5428 0.5428 0.5775 0.5775 0.6278 0.6278 0.7002 0.7002 0.7985 0.7985 0.9218 0.9218 1.0635 1.0635 1.2109 1.2109 1.3496 1.3496 1.4686 1.4686 1.5619 1.5619 1.6272 1.6272 1.6667 1.6667 1.6878 1.6878 1.7016 1.7016 1.7166 1.7166 1.7344 1.7344 1.7513 1.7513 1.7628 1.7628 1.7650 1.7650 1.7528 1.7528 1.7208 1.7208 1.6674 1.6674 1.5989 1.5989 1.5282 1.5282 1.4678 1.4678 1.4238 1.4238 1.3947 1.3947 1.3738 1.3738 1.3531 1.3531 1.3263 1.3263 1.2917 1.2917 1.2532
0.3593 0.3593 0.3718 0.3718 0.3935 0.3935 0.4210 0.4210 0.4560 0.4560 0.5056 0.5056 0.5781 0.5781 0.6778 0.6778 0.8029 0.8029 0.9458 0.9458 1.0937 1.0937 1.2326 1.2326 1.3520 1.3520 1.4459 1.4459 1.5124 1.5124 1.5538 1.5538 1.5776 1.5776 1.5946 1.5946 1.6128 1.6128 1.6335 1.6335 1.6519 1.6519 1.6619 1.6619 1.6585 1.6585 1.6379 1.6379 1.5983 1.5983 1.5425 1.5425 1.4790 1.4790 1.4195 1.4195 1.3725 1.3725 1.3393 1.3393 1.3153 1.3153 1.2934 1.2934 1.2681 1.2681 1.2371 1.2371 1.2017 1.2017 1.1664
0.2518 0.2518 0.2654 0.2654 0.2885 0.2885 0.3173 0.3173 0.3534 0.3534 0.4046 0.4046 0.4791 0.4791 0.5799 0.5799 0.7035 0.7035 0.8410 0.8410 0.9808 0.9808 1.1113 1.1113 1.2239 1.2239 1.3138 1.3138 1.3794 1.3794 1.4227 1.4227 1.4506 1.4506 1.4725 1.4725 1.4957 1.4957 1.5207 1.5207 1.5423 1.5423 1.5536 1.5536 1.5496 1.5496 1.5281 1.5281 1.4905 1.4905 1.4417 1.4417 1.3897 1.3897 1.3429 1.3429 1.3054 1.3054 1.2757 1.2757 1.2490 1.2490 1.2209 1.2209 1.1898 1.1898 1.1569 1.1569 1.1251 1.1251 1.0972
0.1632 0.1632 0.1762 0.1762 0.1985 0.1985 0.2273 0.2273 0.2650 0.2650 0.3190 0.3190 0.3963 0.3963 0.4981 0.4981 0.6185 0.6185 0.7480 0.7480 0.8761 0.8761 0.9940 0.9940 1.0956 1.0956 1.1779 1.1779 1.2397 1.2397 1.2830 1.2830 1.3132 1.3132 1.3383 1.3383 1.3646 1.3646 1.3928 1.3928 1.4180 1.4180 1.4336 1.4336 1.4350 1.4350 1.4217 1.4217 1.3964 1.3964 1.3637 1.3637 1.3288 1.3288 1.2956 1.2956 1.2649 1.2649 1.2350 1.2350 1.2029 1.2029 1.1677 1.1677 1.1313 1.1313 1.0977 1.0977 1.0700 1.0700 1.0488
0.0941 0.0941 0.1052 0.1052 0.1250 0.1250 0.1522 0.1522 0.1901 0.1901 0.2457 0.2457 0.3245 0.3245 0.4259 0.4259 0.5429 0.5429 0.6654 0.6654 0.7834 0.7834 0.8895 0.8895 0.9795 0.9795 1.0520 1.0520 1.1074 1.1074 1.1476 1.1476 1.1766 1.1766 1.2006 1.2006 1.2254 1.2254 1.2528 1.2528 1.2800 1.2800 1.3017 1.3017 1.3145 1.3145 1.3180 1.3180 1.3143 1.3143 1.3049 1.3049 1.2906 1.2906 1.2714 1.2714 1.2469 1.2469 1.2168 1.2168 1.1813 1.1813 1.1420 1.1420 1.1028 1.1028 1.0687 1.0687 1.0427 1.0427 1.0240
0.0458 0.0458 0.0548 0.0548 0.0713 0.0713 0.0950 0.0950 0.1300 0.1300 0.1830 0.1830 0.2593 0.2593 0.3578 0.3578 0.4718 0.4718 0.5904 0.5904 0.7028 0.7028 0.8008 0.8008 0.8808 0.8808 0.9433 0.9433 0.9906 0.9906 1.0248 1.0248 1.0488 1.0488 1.0671 1.0671 1.0853 1.0853 1.1074 1.1074 1.1338 1.1338 1.1620 1.1620 1.1899 1.1899 1.2164 1.2164 1.2405 1.2405 1.2590 1.2590 1.2671 1.2671 1.2619 1.2619 1.2439 1.2439 1.2157 1.2157 1.1808 1.1808 1.1426 1.1426 1.1050 1.1050 1.0720 1.0720 1.0455 1.0455 1.0248
0.0163 0.0163 0.0241 0.0241 0.0379 0.0379 0.0569 0.0569 0.0852 0.0852 0.1303 0.1303 0.1986 0.1986 0.2909 0.2909 0.4013 0.4013 0.5183 0.5183 0.6289 0.6289 0.7224 0.7224 0.7948 0.7948 0.8481 0.8481 0.8866 0.8866 0.9133 0.9133 0.9301 0.9301 0.9404 0.9404 0.9497 0.9497 0.9643 0.9643 0.9879 0.9879 1.0217 1.0217 1.0653 1.0653 1.1165 1.1165 1.1704 1.1704 1.2178 1.2178 1.2486 1.2486 1.2574 1.2574 1.2464 1.2464 1.2224 1.2224 1.1924 1.1924 1.1611 1.1611 1.1311 1.1311 1.1031 1.1031 1.0769 1.0769 1.0519
0.0013 0.0013 0.0096 0.0096 0.0225 0.0225 0.0373 0.0373 0.0568 0.0568 0.0897 0.0897 0.1453 0.1453 0.2273 0.2273 0.3315 0.3315 0.4457 0.4457 0.5542 0.5542 0.6439 0.6439 0.7098 0.7098 0.7549 0.7549 0.7853 0.7853 0.8049 0.8049 0.8155 0.8155 0.8195 0.8195 0.8226 0.8226 0.8315 0.8315 0.8528 0.8528 0.8909 0.8909 0.9476 0.9476 1.0206 1.0206 1.1014 1.1014 1.1752 1.1752 1.2274 1.2274 1.2502 1.2502 1.2471 1.2471 1.2289 1.2289 1.2069 1.2069 1.1877 1.1877 1.1714 1.1714 1.1542 1.1542 1.1316 1.1316 1.1029
0.0000 0.0000 0.0104 0.0104 0.0250 0.0250 0.0376 0.0376 0.0490 0.0490 0.0683 0.0683 0.1079 0.1079 0.1750 0.1750 0.2675 0.2675 0.3732 0.3732 0.4748 0.4748 0.5577 0.5577 0.6164 0.6164 0.6544 0.6544 0.6787 0.6787 0.6941 0.6941 0.7024 0.7024 0.7060 0.7060 0.7092 0.7092 0.7183 0.7183 0.7401 0.7401 0.7816 0.7816 0.8472 0.8472 0.9355 0.9355 1.0361 1.0361 1.1310 1.1310 1.2016 1.2016 1.2380 1.2380 1.2438 1.2438 1.2331 1.2331 1.2212 1.2212 1.2170 1.2170 1.2187 1.2187 1.2170 1.2170 1.2024 1.2024 1.1727
0.0164 0.0164 0.0298 0.0298 0.0480 0.0480 0.0611 0.0611 0.0671 0.0671 0.0743 0.0743 0.0967 0.0967 0.1444 0.1444 0.2178 0.2178 0.3064 0.3064 0.3936 0.3936 0.4650 0.4650 0.5155 0.5155 0.5485 0.5485 0.5706 0.5706 0.5863 0.5863 0.5980 0.5980 0.6076 0.6076 0.6180 0.6180 0.6334 0.6334 0.6595 0.6595 0.7045 0.7045 0.7750 0.7750 0.8713 0.8713 0.9831 0.9831 1.0915 1.0915 1.1763 1.1763 1.2255 1.2255 1.2414 1.2414 1.2393 1.2393 1.2380 1.2380 1.2486 1.2486 1.2685 1.2685 1.2840 1.2840 1.2807 1.2807 1.2539
0.0521 0.0521 0.0686 0.0686 0.0916 0.0916 0.1083 0.1083 0.1132 0.1132 0.1119 0.1119 0.1177 0.1177 0.1428 0.1428 0.1907 0.1907 0.2543 0.2543 0.3202 0.3202 0.3768 0.3768 0.4197 0.4197 0.4512 0.4512 0.4760 0.4760 0.4972 0.4972 0.5170 0.5170 0.5369 0.5369 0.5584 0.5584 0.5835 0.5835 0.6167 0.6167 0.6659 0.6659 0.7388 0.7388 0.8371 0.8371 0.9525 0.9525 1.0673 1.0673 1.1616 1.1616 1.2216 1.2216 1.2478 1.2478 1.2545 1.2545 1.2623 1.2623 1.2846 1.2846 1.3190 1.3190 1.3497 1.3497 1.3587 1.3587 1.3383
