Plotting_Scripts/Figure6/alpha_2.grd
DSAA
128	 60
-6350.0000	  6350.0000
   50.0000	  5950.0000
    0.0000	     4.0000
[rows 0 to 31 of 60, columns 0 to 70 of 128]
2.9503 2.9503 2.9515 2.9515 2.9480 2.9480 2.9262 2.9262 2.8666 2.8666 2.7540 2.7540 2.5881 2.5881 2.3858 2.3858 2.1735 2.1735 1.9775 1.9775 1.8169 1.8169 1.7034 1.7034 1.6417 1.6417 1.6307 1.6307 1.6633 1.6633 1.7292 1.7292 1.8195 1.8195 1.9293 1.9293 2.0548 2.0548 2.1873 2.1873 2.3131 2.3131 2.4180 2.4180 2.4923 2.4923 2.5309 2.5309 2.5324 2.5324 2.5013 2.5013 2.4506 2.4506 2.3984 2.3984 2.3561 2.3561 2.3201 2.3201 2.2772 2.2772 2.2196 2.2196 2.1557 2.1557 2.1042 2.1042 2.0792 2.0792 2.0810
3.1419 3.1419 3.1410 3.1410 3.1299 3.1299 3.0923 3.0923 3.0111 3.0111 2.8781 2.8781 2.6999 2.6999 2.4949 2.4949 2.2862 2.2862 2.0954 2.0954 1.9393 1.9393 1.8293 1.8293 1.7707 1.7707 1.7625 1.7625 1.7976 1.7976 1.8654 1.8654 1.9549 1.9549 2.0581 2.0581 2.1701 2.1701 2.2853 2.2853 2.3947 2.3947 2.4873 2.4873 2.5528 2.5528 2.5839 2.5839 2.5784 2.5784 2.5412 2.5412 2.4852 2.4852 2.4253 2.4253 2.3684 2.3684 2.3099 2.3099 2.2403 2.2403 2.1589 2.1589 2.0791 2.0791 2.0202 2.0202 1.9930 1.9930 1.9938
3.4120 3.4120 3.4104 3.4104 3.3937 3.3937 3.3424 3.3424 3.2425 3.2425 3.0935 3.0935 2.9081 2.9081 2.7047 2.7047 2.5013 2.5013 2.3133 2.3133 2.1541 2.1541 2.0352 2.0352 1.9634 1.9634 1.9401 1.9401 1.9603 1.9603 2.0143 2.0143 2.0902 2.0902 2.1773 2.1773 2.2685 2.2685 2.3583 2.3583 2.4405 2.4405 2.5070 2.5070 2.5493 2.5493 2.5621 2.5621 2.5459 2.5459 2.5072 2.5072 2.4564 2.4564 2.4016 2.4016 2.3432 2.3432 2.2751 2.2751 2.1922 2.1922 2.0992 2.0992 2.0115 2.0115 1.9456 1.9456 1.9079 1.9079 1.8912
3.6253 3.6253 3.6260 3.6260 3.6119 3.6119 3.5631 3.5631 3.4686 3.4686 3.3305 3.3305 3.1598 3.1598 2.9687 2.9687 2.7681 2.7681 2.5694 2.5694 2.3867 2.3867 2.2346 2.2346 2.1245 2.1245 2.0619 2.0619 2.0447 2.0447 2.0648 2.0648 2.1105 2.1105 2.1702 2.1702 2.2337 2.2337 2.2928 2.2928 2.3409 2.3409 2.3734 2.3734 2.3882 2.3882 2.3860 2.3860 2.3711 2.3711 2.3500 2.3500 2.3279 2.3279 2.3063 2.3063 2.2810 2.2810 2.2449 2.2449 2.1930 2.1930 2.1269 2.1269 2.0552 2.0552 1.9871 1.9871 1.9248 1.9248 1.8617
3.7564 3.7564 3.7652 3.7652 3.7646 3.7646 3.7331 3.7331 3.6599 3.6599 3.5467 3.5467 3.3985 3.3985 3.2188 3.2188 3.0124 3.0124 2.7911 2.7911 2.5738 2.5738 2.3801 2.3801 2.2250 2.2250 2.1158 2.1158 2.0533 2.0533 2.0315 2.0315 2.0395 2.0395 2.0638 2.0638 2.0913 2.0913 2.1122 2.1122 2.1226 2.1226 2.1235 2.1235 2.1194 2.1194 2.1166 2.1166 2.1208 2.1208 2.1349 2.1349 2.1584 2.1584 2.1878 2.1878 2.2173 2.2173 2.2391 2.2391 2.2436 2.2436 2.2236 2.2236 2.1780 2.1780 2.1091 2.1091 2.0169 2.0169 1.8983
3.7458 3.7458 3.7683 3.7683 3.7923 3.7923 3.7921 3.7921 3.7524 3.7524 3.6690 3.6690 3.5414 3.5414 3.3685 3.3685 3.1551 3.1551 2.9169 2.9169 2.6777 2.6777 2.4589 2.4589 2.2728 2.2728 2.1242 2.1242 2.0145 2.0145 1.9428 1.9428 1.9031 1.9031 1.8835 1.8835 1.8708 1.8708 1.8567 1.8567 1.8405 1.8405 1.8279 1.8279 1.8264 1.8264 1.8425 1.8425 1.8786 1.8786 1.9323 1.9323 1.9981 1.9981 2.0710 2.0710 2.1461 2.1461 2.2149 2.2149 2.2633 2.2633 2.2778 2.2778 2.2520 2.2520 2.1866 2.1866 2.0838 2.0838 1.9433
3.5792 3.5792 3.6061 3.6061 3.6426 3.6426 3.6655 3.6655 3.6570 3.6570 3.6076 3.6076 3.5123 3.5123 3.3682 3.3682 3.1792 3.1792 2.9595 2.9595 2.7293 2.7293 2.5060 2.5060 2.2993 2.2993 2.1127 2.1127 1.9503 1.9503 1.8177 1.8177 1.7183 1.7183 1.6477 1.6477 1.5967 1.5967 1.5588 1.5588 1.5352 1.5352 1.5324 1.5324 1.5571 1.5571 1.6110 1.6110 1.6891 1.6891 1.7818 1.7818 1.8787 1.8787 1.9724 1.9724 2.0576 2.0576 2.1267 2.1267 2.1687 2.1687 2.1746 2.1746 2.1429 2.1429 2.0791 2.0791 1.9885 1.9885 1.8706
3.4593 3.4593 3.4815 3.4815 3.5134 3.5134 3.5370 3.5370 3.5375 3.5375 3.5052 3.5052 3.4332 3.4332 3.3168 3.3168 3.1558 3.1558 2.9589 2.9589 2.7409 2.7409 2.5168 2.5168 2.2974 2.2974 2.0898 2.0898 1.9018 1.9018 1.7423 1.7423 1.6175 1.6175 1.5259 1.5259 1.4603 1.4603 1.4149 1.4149 1.3911 1.3911 1.3957 1.3957 1.4344 1.4344 1.5072 1.5072 1.6059 1.6059 1.7169 1.7169 1.8261 1.8261 1.9224 1.9224 1.9990 1.9990 2.0497 2.0497 2.0688 2.0688 2.0540 2.0540 2.0097 2.0097 1.9441 1.9441 1.8626 1.8626 1.7636
3.1978 3.1978 3.2059 3.2059 3.2193 3.2193 3.2335 3.2335 3.2434 3.2434 3.2424 3.2424 3.2212 3.2212 3.1679 3.1679 3.0713 3.0713 2.9246 2.9246 2.7297 2.7297 2.4969 2.4969 2.2445 2.2445 1.9943 1.9943 1.7666 1.7666 1.5756 1.5756 1.4267 1.4267 1.3166 1.3166 1.2375 1.2375 1.1843 1.1843 1.1586 1.1586 1.1684 1.1684 1.2203 1.2203 1.3138 1.3138 1.4377 1.4377 1.5721 1.5721 1.6940 1.6940 1.7836 1.7836 1.8295 1.8295 1.8301 1.8301 1.7923 1.7923 1.7295 1.7295 1.6573 1.6573 1.5874 1.5874 1.5232 1.5232 1.4603
2.9964 2.9964 2.9925 2.9925 2.9891 2.9891 2.9918 2.9918 3.0033 3.0033 3.0198 3.0198 3.0305 3.0305 3.0183 3.0183 2.9640 2.9640 2.8509 2.8509 2.6717 2.6717 2.4343 2.4343 2.1626 2.1626 1.8896 1.8896 1.6451 1.6451 1.4464 1.4464 1.2957 1.2957 1.1849 1.1849 1.1026 1.1026 1.0415 1.0415 1.0033 1.0033 0.9978 0.9978 1.0350 1.0350 1.1171 1.1171 1.2334 1.2334 1.3623 1.3623 1.4768 1.4768 1.5527 1.5527 1.5766 1.5766 1.5482 1.5482 1.4801 1.4801 1.3927 1.3927 1.3071 1.3071 1.2370 1.2370 1.1849 1.1849 1.1461
2.9469 2.9469 2.9360 2.9360 2.9217 2.9217 2.9140 2.9140 2.9190 2.9190 2.9342 2.9342 2.9481 2.9481 2.9423 2.9423 2.8961 2.8961 2.7914 2.7914 2.6202 2.6202 2.3897 2.3897 2.1235 2.1235 1.8543 1.8543 1.6119 1.6119 1.4132 1.4132 1.2600 1.2600 1.1437 1.1437 1.0528 1.0528 0.9802 0.9802 0.9279 0.9279 0.9065 0.9065 0.9277 0.9277 0.9946 0.9946 1.0978 1.0978 1.2162 1.2162 1.3233 1.3233 1.3955 1.3955 1.4190 1.4190 1.3926 1.3926 1.3275 1.3275 1.2429 1.2429 1.1597 1.1597 1.0916 1.0916 1.0424 1.0424 1.0093
2.9180 2.9180 2.8897 2.8897 2.8451 2.8451 2.8015 2.8015 2.7717 2.7717 2.7581 2.7581 2.7510 2.7510 2.7335 2.7335 2.6860 2.6860 2.5927 2.5927 2.4468 2.4468 2.2537 2.2537 2.0303 2.0303 1.7994 1.7994 1.5821 1.5821 1.3902 1.3902 1.2250 1.2250 1.0805 1.0805 0.9497 0.9497 0.8315 0.8315 0.7339 0.7339 0.6708 0.6708 0.6545 0.6545 0.6874 0.6874 0.7602 0.7602 0.8541 0.8541 0.9469 0.9469 1.0193 1.0193 1.0590 1.0590 1.0624 1.0624 1.0334 1.0334 0.9828 0.9828 0.9239 0.9239 0.8684 0.8684 0.8243 0.8243 0.7976
2.8961 2.8961 2.8598 2.8598 2.7997 2.7997 2.7347 2.7347 2.6800 2.6800 2.6415 2.6415 2.6137 2.6137 2.5830 2.5830 2.5327 2.5327 2.4483 2.4483 2.3227 2.3227 2.1586 2.1586 1.9676 1.9676 1.7659 1.7659 1.5686 1.5686 1.3839 1.3839 1.2127 1.2127 1.0507 1.0507 0.8947 0.8947 0.7484 0.7484 0.6248 0.6248 0.5405 0.5405 0.5071 0.5071 0.5252 0.5252 0.5842 0.5842 0.6664 0.6664 0.7523 0.7523 0.8254 0.8254 0.8751 0.8751 0.8971 0.8971 0.8922 0.8922 0.8657 0.8657 0.8261 0.8261 0.7831 0.7831 0.7469 0.7469 0.7283
2.8480 2.8480 2.8059 2.8059 2.7339 2.7339 2.6504 2.6504 2.5720 2.5720 2.5075 2.5075 2.4566 2.4566 2.4111 2.4111 2.3584 2.3584 2.2855 2.2855 2.1839 2.1839 2.0524 2.0524 1.8965 1.8965 1.7256 1.7256 1.5490 1.5490 1.3720 1.3720 1.1954 1.1954 1.0172 1.0172 0.8381 0.8381 0.6670 0.6670 0.5210 0.5210 0.4188 0.4188 0.3712 0.3712 0.3770 0.3770 0.4243 0.4243 0.4963 0.4963 0.5757 0.5757 0.6484 0.6484 0.7056 0.7056 0.7431 0.7431 0.7596 0.7596 0.7566 0.7566 0.7385 0.7385 0.7130 0.7130 0.6918 0.6918 0.6892
2.7772 2.7772 2.7325 2.7325 2.6543 2.6543 2.5591 2.5591 2.4628 2.4628 2.3761 2.3761 2.3034 2.3034 2.2430 2.2430 2.1871 2.1871 2.1248 2.1248 2.0463 2.0463 1.9460 1.9460 1.8230 1.8230 1.6799 1.6799 1.5206 1.5206 1.3489 1.3489 1.1665 1.1665 0.9746 0.9746 0.7781 0.7781 0.5896 0.5896 0.4287 0.4287 0.3145 0.3145 0.2567 0.2567 0.2528 0.2528 0.2906 0.2906 0.3540 0.3540 0.4276 0.4276 0.4991 0.4991 0.5610 0.5610 0.6095 0.6095 0.6429 0.6429 0.6611 0.6611 0.6658 0.6658 0.6634 0.6634 0.6654 0.6654 0.6874
2.7019 2.7019 2.6580 2.6580 2.5796 2.5796 2.4807 2.4807 2.3743 2.3743 2.2714 2.2714 2.1804 2.1804 2.1052 2.1052 2.0436 2.0436 1.9872 1.9872 1.9255 1.9255 1.8492 1.8492 1.7514 1.7514 1.6286 1.6286 1.4803 1.4803 1.3094 1.3094 1.1204 1.1204 0.9184 0.9184 0.7120 0.7120 0.5161 0.5161 0.3501 0.3501 0.2312 0.2312 0.1677 0.1677 0.1564 0.1564 0.1860 0.1860 0.2420 0.2420 0.3102 0.3102 0.3800 0.3800 0.4448 0.4448 0.5015 0.5015 0.5490 0.5490 0.5870 0.5870 0.6166 0.6166 0.6425 0.6425 0.6751 0.6751 0.7285
2.6446 2.6446 2.6038 2.6038 2.5297 2.5297 2.4323 2.4323 2.3213 2.3213 2.2069 2.2069 2.1005 2.1005 2.0111 2.0111 1.9411 1.9411 1.8842 1.8842 1.8298 1.8298 1.7659 1.7659 1.6817 1.6817 1.5687 1.5687 1.4238 1.4238 1.2499 1.2499 1.0544 1.0544 0.8466 0.8466 0.6386 0.6386 0.4455 0.4455 0.2843 0.2843 0.1682 0.1682 0.1032 0.1032 0.0866 0.0866 0.1088 0.1088 0.1572 0.1572 0.2197 0.2197 0.2872 0.2872 0.3546 0.3546 0.4195 0.4195 0.4813 0.4813 0.5399 0.5399 0.5964 0.5964 0.6543 0.6543 0.7215 0.7215 0.8092
2.6223 2.6223 2.5852 2.5852 2.5157 2.5157 2.4200 2.4200 2.3045 2.3045 2.1794 2.1794 2.0590 2.0590 1.9563 1.9563 1.8761 1.8761 1.8132 1.8132 1.7562 1.7562 1.6922 1.6922 1.6087 1.6087 1.4954 1.4954 1.3480 1.3480 1.1695 1.1695 0.9692 0.9692 0.7603 0.7603 0.5575 0.5575 0.3754 0.3754 0.2269 0.2269 0.1204 0.1204 0.0589 0.0589 0.0399 0.0399 0.0556 0.0556 0.0961 0.0961 0.1519 0.1519 0.2165 0.2165 0.2868 0.2868 0.3613 0.3613 0.4390 0.4390 0.5195 0.5195 0.6033 0.6033 0.6932 0.6932 0.7946 0.7946 0.9147
2.6410 2.6410 2.6058 2.6058 2.5375 2.5375 2.4387 2.4387 2.3146 2.3146 2.1766 2.1766 2.0420 2.0420 1.9264 1.9264 1.8348 1.8348 1.7611 1.7611 1.6930 1.6930 1.6178 1.6178 1.5243 1.5243 1.4034 1.4034 1.2508 1.2508 1.0689 1.0689 0.8675 0.8675 0.6617 0.6617 0.4685 0.4685 0.3023 0.3023 0.1719 0.1719 0.0809 0.0809 0.0290 0.0290 0.0124 0.0124 0.0248 0.0248 0.0583 0.0583 0.1065 0.1065 0.1670 0.1670 0.2397 0.2397 0.3242 0.3242 0.4183 0.4183 0.5200 0.5200 0.6289 0.6289 0.7469 0.7469 0.8775 0.8775 1.0246
2.6930 2.6930 2.6567 2.6567 2.5842 2.5842 2.4768 2.4768 2.3399 2.3399 2.1871 2.1871 2.0379 2.0379 1.9084 1.9084 1.8027 1.8027 1.7127 1.7127 1.6258 1.6258 1.5309 1.5309 1.4204 1.4204 1.2885 1.2885 1.1317 1.1317 0.9505 0.9505 0.7529 0.7529 0.5544 0.5544 0.3736 0.3736 0.2253 0.2253 0.1161 0.1161 0.0455 0.0455 0.0095 0.0095 0.0019 0.0019 0.0157 0.0157 0.0444 0.0444 0.0849 0.0849 0.1394 0.1394 0.2123 0.2123 0.3047 0.3047 0.4133 0.4133 0.5335 0.5335 0.6631 0.6631 0.8031 0.8031 0.9561 0.9561 1.1234
2.7599 2.7599 2.7196 2.7196 2.6392 2.6392 2.5204 2.5204 2.3705 2.3705 2.2043 2.2043 2.0412 2.0412 1.8960 1.8960 1.7713 1.7713 1.6581 1.6581 1.5451 1.5451 1.4247 1.4247 1.2941 1.2941 1.1516 1.1516 0.9940 0.9940 0.8194 0.8194 0.6321 0.6321 0.4460 0.4460 0.2803 0.2803 0.1508 0.1508 0.0637 0.0637 0.0162 0.0162 0.0005 0.0005 0.0071 0.0071 0.0265 0.0265 0.0523 0.0523 0.0846 0.0846 0.1310 0.1310 0.2006 0.2006 0.2974 0.2974 0.4169 0.4169 0.5516 0.5516 0.6971 0.6971 0.8537 0.8537 1.0232 1.0232 1.2060
2.8229 2.8229 2.7769 2.7769 2.6872 2.6872 2.5582 2.5582 2.3992 2.3992 2.2242 2.2242 2.0500 2.0500 1.8881 1.8881 1.7396 1.7396 1.5969 1.5969 1.4521 1.4521 1.3030 1.3030 1.1523 1.1523 1.0014 1.0014 0.8477 0.8477 0.6860 0.6860 0.5162 0.5162 0.3486 0.3486 0.2014 0.2014 0.0913 0.0913 0.0254 0.0254 0.0000 0.0000 0.0047 0.0047 0.0261 0.0261 0.0516 0.0516 0.0744 0.0744 0.0974 0.0974 0.1337 0.1337 0.1975 0.1975 0.2950 0.2950 0.4215 0.4215 0.5668 0.5668 0.7245 0.7245 0.8941 0.8941 1.0778 1.0778 1.2749
2.8751 2.8751 2.8227 2.8227 2.7238 2.7238 2.5875 2.5875 2.4243 2.4243 2.2462 2.2462 2.0647 2.0647 1.8868 1.8868 1.7125 1.7125 1.5369 1.5369 1.3580 1.3580 1.1799 1.1799 1.0105 1.0105 0.8541 0.8541 0.7078 0.7078 0.5637 0.5637 0.4172 0.4172 0.2741 0.2741 0.1496 0.1496 0.0597 0.0597 0.0124 0.0124 0.0046 0.0046 0.0245 0.0245 0.0559 0.0559 0.0839 0.0839 0.1013 0.1013 0.1142 0.1142 0.1399 0.1399 0.1968 0.1968 0.2927 0.2927 0.4224 0.4224 0.5745 0.5745 0.7414 0.7414 0.9231 0.9231 1.1217 1.1217 1.3348
2.9256 2.9256 2.8668 2.8668 2.7593 2.7593 2.6173 2.6173 2.4528 2.4528 2.2746 2.2746 2.0883 2.0883 1.8962 1.8962 1.6970 1.6970 1.4896 1.4896 1.2780 1.2780 1.0730 1.0730 0.8870 0.8870 0.7268 0.7268 0.5890 0.5890 0.4638 0.4638 0.3432 0.3432 0.2283 0.2283 0.1299 0.1299 0.0614 0.0614 0.0303 0.0303 0.0341 0.0341 0.0615 0.0615 0.0957 0.0957 0.1208 0.1208 0.1304 0.1304 0.1333 0.1333 0.1499 0.1499 0.2004 0.2004 0.2930 0.2930 0.4223 0.4223 0.5771 0.5771 0.7509 0.7509 0.9444 0.9444 1.1595 1.1595 1.3910
2.9904 2.9904 2.9259 2.9259 2.8107 2.8107 2.6629 2.6629 2.4963 2.4963 2.3169 2.3169 2.1251 2.1251 1.9194 1.9194 1.6980 1.6980 1.4629 1.4629 1.2233 1.2233 0.9953 0.9953 0.7953 0.7953 0.6317 0.6317 0.5011 0.5011 0.3926 0.3926 0.2957 0.2957 0.2084 0.2084 0.1372 0.1372 0.0911 0.0911 0.0754 0.0754 0.0874 0.0874 0.1170 0.1170 0.1484 0.1484 0.1672 0.1672 0.1690 0.1690 0.1644 0.1644 0.1748 0.1748 0.2199 0.2199 0.3077 0.3077 0.4331 0.4331 0.5871 0.5871 0.7657 0.7657 0.9706 0.9706 1.2022 1.2022 1.4509
3.0766 3.0766 3.0082 3.0082 2.8867 2.8867 2.7330 2.7330 2.5613 2.5613 2.3761 2.3761 2.1752 2.1752 1.9550 1.9550 1.7140 1.7140 1.4568 1.4568 1.1958 1.1958 0.9504 0.9504 0.7397 0.7397 0.5734 0.5734 0.4480 0.4480 0.3516 0.3516 0.2728 0.2728 0.2080 0.2080 0.1608 0.1608 0.1367 0.1367 0.1373 0.1373 0.1582 0.1582 0.1898 0.1898 0.2185 0.2185 0.2325 0.2325 0.2299 0.2299 0.2223 0.2223 0.2302 0.2302 0.2715 0.2715 0.3534 0.3534 0.4728 0.4728 0.6240 0.6240 0.8059 0.8059 1.0205 1.0205 1.2649 1.2649 1.5252
3.1721 3.1721 3.1020 3.1020 2.9773 2.9773 2.8184 2.8184 2.6396 2.6396 2.4446 2.4446 2.2309 2.2309 1.9951 1.9951 1.7373 1.7373 1.4637 1.4637 1.1884 1.1884 0.9322 0.9322 0.7155 0.7155 0.5486 0.5486 0.4278 0.4278 0.3399 0.3399 0.2729 0.2729 0.2230 0.2230 0.1936 0.1936 0.1882 0.1882 0.2053 0.2053 0.2379 0.2379 0.2756 0.2756 0.3065 0.3065 0.3216 0.3216 0.3210 0.3210 0.3166 0.3166 0.3267 0.3267 0.3669 0.3669 0.4443 0.4443 0.5580 0.5580 0.7065 0.7065 0.8909 0.8909 1.1117 1.1117 1.3619 1.3619 1.6241
3.2495 3.2495 3.1806 3.1806 3.0566 3.0566 2.8959 2.8959 2.7111 2.7111 2.5059 2.5059 2.2789 2.2789 2.0288 2.0288 1.7579 1.7579 1.4736 1.4736 1.1906 1.1906 0.9299 0.9299 0.7124 0.7124 0.5489 0.5489 0.4347 0.4347 0.3549 0.3549 0.2966 0.2966 0.2563 0.2563 0.2382 0.2382 0.2459 0.2459 0.2768 0.2768 0.3219 0.3219 0.3695 0.3695 0.4083 0.4083 0.4313 0.4313 0.4398 0.4398 0.4450 0.4450 0.4630 0.4630 0.5074 0.5074 0.5846 0.5846 0.6964 0.6964 0.8440 0.8440 1.0297 1.0297 1.2517 1.2517 1.4990 1.4990 1.7523
3.2839 3.2839 3.2188 3.2188 3.1000 3.1000 2.9423 2.9423 2.7561 2.7561 2.5445 2.5445 2.3080 2.3080 2.0479 2.0479 1.7689 1.7689 1.4794 1.4794 1.1943 1.1943 0.9347 0.9347 0.7217 0.7217 0.5661 0.5661 0.4624 0.4624 0.3942 0.3942 0.3466 0.3466 0.3153 0.3153 0.3051 0.3051 0.3206 0.3206 0.3601 0.3601 0.4146 0.4146 0.4717 0.4717 0.5203 0.5203 0.5544 0.5544 0.5763 0.5763 0.5964 0.5964 0.6284 0.6284 0.6836 0.6836 0.7677 0.7677 0.8830 0.8830 1.0321 1.0321 1.2171 1.2171 1.4343 1.4343 1.6704 1.6704 1.9061
3.2699 3.2699 3.2103 3.2103 3.0998 3.0998 2.9495 2.9495 2.7666 2.7666 2.5539 2.5539 2.3134 2.3134 2.0494 2.0494 1.7683 1.7683 1.4797 1.4797 1.1983 1.1983 0.9452 0.9452 0.7414 0.7414 0.5977 0.5977 0.5086 0.5086 0.4565 0.4565 0.4245 0.4245 0.4060 0.4060 0.4044 0.4044 0.4252 0.4252 0.4684 0.4684 0.5267 0.5267 0.5885 0.5885 0.6435 0.6435 0.6870 0.6870 0.7222 0.7222 0.7590 0.7590 0.8092 0.8092 0.8814 0.8814 0.9793 0.9793 1.1038 1.1038 1.2562 1.2562 1.4376 1.4376 1.6435 1.6435 1.8613 1.8613 2.0745
3.2226 3.2226 3.1688 3.1688 3.0672 3.0672 2.9252 2.9252 2.7474 2.7474 2.5363 2.5363 2.2961 2.2961 2.0336 2.0336 1.7570 1.7570 1.4763 1.4763 1.2058 1.2058 0.9655 0.9655 0.7757 0.7757 0.6473 0.6473 0.5754 0.5754 0.5425 0.5425 0.5300 0.5300 0.5285 0.5285 0.5384 0.5384 0.5647 0.5647 0.6089 0.6089 0.6661 0.6661 0.7267 0.7267 0.7821 0.7821 0.8297 0.8297 0.8746 0.8746 0.9265 0.9265 0.9954 0.9954 1.0876 1.0876 1.2038 1.2038 1.3414 1.3414 1.4980 1.4980 1.6727 1.6727 1.8616 1.8616 2.0556 2.0556 2.2436
3.1641 3.1641 3.1147 3.1147 3.0198 3.0198 2.8835 2.8835 2.7087 2.7087 2.4986 2.4986 2.2597 2.2597 2.0019 2.0019 1.7356 1.7356 1.4706 1.4706 1.2197 1.2197 1.0000 1.0000 0.8300 0.8300 0.7199 0.7199 0.6661 0.6661 0.6525 0.6525 0.6600 0.6600 0.6765 0.6765 0.6996 0.6996 0.7324 0.7324 0.7770 0.7770 0.8304 0.8304 0.8853 0.8853 0.9361 0.9361 0.9830 0.9830 1.0329 1.0329 1.0958 1.0958 1.1807 1.1807 1.2917 1.2917 1.4270 1.4270 1.5791 1.5791 1.7406 1.7406 1.9071 1.9071 2.0754 2.0754 2.2421 2.2421 2.4032
