Plotting_Scripts/Figure6/alpha_5.grd
DSAA
128	 60
-6350.0000	  6350.0000
   50.0000	  5950.0000
    0.0000	     4.0000
[rows 0 to 31 of 60, columns 0 to 70 of 128]
3.3597 3.3597 3.3851 3.3851 3.4259 3.4259 3.4678 3.4678 3.4976 3.4976 3.5060 3.5060 3.4880 3.4880 3.4411 3.4411 3.3650 3.3650 3.2609 3.2609 3.1302 3.1302 2.9754 2.9754 2.7993 2.7993 2.6053 2.6053 2.3976 2.3976 2.1806 2.1806 1.9587 1.9587 1.7368 1.7368 1.5196 1.5196 1.3119 1.3119 1.1180 1.1180 0.9406 0.9406 0.7814 0.7814 0.6412 0.6412 0.5199 0.5199 0.4172 0.4172 0.3328 0.3328 0.2661 0.2661 0.2166 0.2166 0.1834 0.1834 0.1657 0.1657 0.1630 0.1630 0.1747 0.1747 0.2006 0.2006 0.2405 0.2405 0.2939
3.3854 3.3854 3.4112 3.4112 3.4527 3.4527 3.4956 3.4956 3.5265 3.5265 3.5363 3.5363 3.5201 3.5201 3.4756 3.4756 3.4023 3.4023 3.3010 3.3010 3.1732 3.1732 3.0209 3.0209 2.8468 2.8468 2.6543 2.6543 2.4474 2.4474 2.2305 2.2305 2.0080 2.0080 1.7846 1.7846 1.5652 1.5652 1.3548 1.3548 1.1575 1.1575 0.9765 0.9765 0.8135 0.8135 0.6690 0.6690 0.5430 0.5430 0.4352 0.4352 0.3454 0.3454 0.2733 0.2733 0.2185 0.2185 0.1803 0.1803 0.1581 0.1581 0.1514 0.1514 0.1599 0.1599 0.1833 0.1833 0.2214 0.2214 0.2735
3.4297 3.4297 3.4561 3.4561 3.4988 3.4988 3.5432 3.5432 3.5761 3.5761 3.5885 3.5885 3.5755 3.5755 3.5351 3.5351 3.4667 3.4667 3.3706 3.3706 3.2480 3.2480 3.1004 3.1004 2.9302 2.9302 2.7406 2.7406 2.5356 2.5356 2.3193 2.3193 2.0960 2.0960 1.8705 1.8705 1.6477 1.6477 1.4327 1.4327 1.2300 1.2300 1.0428 1.0428 0.8729 0.8729 0.7207 0.7207 0.5863 0.5863 0.4694 0.4694 0.3700 0.3700 0.2881 0.2881 0.2237 0.2237 0.1765 0.1765 0.1461 0.1461 0.1322 0.1322 0.1346 0.1346 0.1534 0.1534 0.1880 0.1880 0.2377
3.4820 3.4820 3.5091 3.5091 3.5532 3.5532 3.5995 3.5995 3.6348 3.6348 3.6503 3.6503 3.6416 3.6416 3.6065 3.6065 3.5442 3.5442 3.4548 3.4548 3.3389 3.3389 3.1976 3.1976 3.0329 3.0329 2.8477 2.8477 2.6458 2.6458 2.4310 2.4310 2.2076 2.2076 1.9803 1.9803 1.7541 1.7541 1.5343 1.5343 1.3255 1.3255 1.1310 1.1310 0.9526 0.9526 0.7909 0.7909 0.6457 0.6457 0.5171 0.5171 0.4053 0.4053 0.3109 0.3109 0.2343 0.2343 0.1755 0.1755 0.1345 0.1345 0.1111 0.1111 0.1055 0.1055 0.1178 0.1178 0.1474 0.1474 0.1935
3.5332 3.5332 3.5610 3.5610 3.6065 3.6065 3.6548 3.6548 3.6927 3.6927 3.7118 3.7118 3.7078 3.7078 3.6785 3.6785 3.6230 3.6230 3.5411 3.5411 3.4328 3.4328 3.2988 3.2988 3.1409 3.1409 2.9615 2.9615 2.7639 2.7639 2.5519 2.5519 2.3296 2.3296 2.1015 2.1015 1.8730 1.8730 1.6491 1.6491 1.4346 1.4346 1.2328 1.2328 1.0455 1.0455 0.8734 0.8734 0.7165 0.7165 0.5751 0.5751 0.4498 0.4498 0.3416 0.3416 0.2515 0.2515 0.1799 0.1799 0.1270 0.1270 0.0931 0.0931 0.0782 0.0782 0.0827 0.0827 0.1061 0.1061 0.1473
3.5771 3.5771 3.6057 3.6057 3.6527 3.6527 3.7031 3.7031 3.7439 3.7439 3.7669 3.7669 3.7678 3.7678 3.7446 3.7446 3.6962 3.6962 3.6221 3.6221 3.5220 3.5220 3.3962 3.3962 3.2460 3.2460 3.0734 3.0734 2.8815 2.8815 2.6735 2.6735 2.4536 2.4536 2.2262 2.2262 1.9966 1.9966 1.7698 1.7698 1.5505 1.5505 1.3419 1.3419 1.1459 1.1459 0.9634 0.9634 0.7948 0.7948 0.6404 0.6404 0.5016 0.5016 0.3796 0.3796 0.2758 0.2758 0.1912 0.1912 0.1262 0.1262 0.0812 0.0812 0.0565 0.0565 0.0524 0.0524 0.0685 0.0685 0.1036
3.6104 3.6104 3.6399 3.6399 3.6886 3.6886 3.7415 3.7415 3.7856 3.7856 3.8127 3.8127 3.8188 3.8188 3.8019 3.8019 3.7608 3.7608 3.6947 3.6947 3.6032 3.6032 3.4862 3.4862 3.3445 3.3445 3.1797 3.1797 2.9944 2.9944 2.7917 2.7917 2.5754 2.5754 2.3499 2.3499 2.1204 2.1204 1.8917 1.8917 1.6683 1.6683 1.4535 1.4535 1.2494 1.2494 1.0570 1.0570 0.8771 0.8771 0.7106 0.7106 0.5590 0.5590 0.4239 0.4239 0.3072 0.3072 0.2100 0.2100 0.1331 0.1331 0.0771 0.0771 0.0423 0.0423 0.0291 0.0291 0.0372 0.0372 0.0655
3.6313 3.6313 3.6620 3.6620 3.7128 3.7128 3.7687 3.7687 3.8165 3.8165 3.8482 3.8482 3.8598 3.8598 3.8493 3.8493 3.8157 3.8157 3.7579 3.7579 3.6754 3.6754 3.5677 3.5677 3.4351 3.4351 3.2789 3.2789 3.1010 3.1010 2.9044 2.9044 2.6927 2.6927 2.4702 2.4702 2.2416 2.2416 2.0117 2.0117 1.7849 1.7849 1.5645 1.5645 1.3527 1.3527 1.1513 1.1513 0.9612 0.9612 0.7838 0.7838 0.6208 0.6208 0.4740 0.4740 0.3454 0.3454 0.2366 0.2366 0.1485 0.1485 0.0819 0.0819 0.0371 0.0371 0.0146 0.0146 0.0142 0.0142 0.0351
3.6389 3.6389 3.6710 3.6710 3.7244 3.7244 3.7837 3.7837 3.8359 3.8359 3.8727 3.8727 3.8902 3.8902 3.8866 3.8866 3.8607 3.8607 3.8117 3.8117 3.7386 3.7386 3.6407 3.6407 3.5177 3.5177 3.3704 3.3704 3.2005 3.2005 3.0107 3.0107 2.8043 2.8043 2.5852 2.5852 2.3581 2.3581 2.1276 2.1276 1.8978 1.8978 1.6723 1.6723 1.4538 1.4538 1.2444 1.2444 1.0456 1.0456 0.8589 0.8589 0.6862 0.6862 0.5295 0.5295 0.3907 0.3907 0.2715 0.2715 0.1732 0.1732 0.0965 0.0965 0.0421 0.0421 0.0103 0.0103 0.0012 0.0012 0.0145
3.6328 3.6328 3.6664 3.6664 3.7228 3.7228 3.7862 3.7862 3.8432 3.8432 3.8858 3.8858 3.9099 3.9099 3.9138 3.9138 3.8964 3.8964 3.8566 3.8566 3.7933 3.7933 3.7053 3.7053 3.5922 3.5922 3.4540 3.4540 3.2924 3.2924 3.1096 3.1096 2.9087 2.9087 2.6935 2.6935 2.4682 2.4682 2.2373 2.2373 2.0051 2.0051 1.7753 1.7753 1.5511 1.5511 1.3351 1.3351 1.1292 1.1292 0.9353 0.9353 0.7549 0.7549 0.5902 0.5902 0.4430 0.4430 0.3151 0.3151 0.2078 0.2078 0.1220 0.1220 0.0584 0.0584 0.0176 0.0176 0.0000 0.0000 0.0056
3.6137 3.6137 3.6490 3.6490 3.7085 3.7085 3.7763 3.7763 3.8388 3.8388 3.8879 3.8879 3.9194 3.9194 3.9316 3.9316 3.9233 3.9233 3.8932 3.8932 3.8400 3.8400 3.7621 3.7621 3.6587 3.6587 3.5296 3.5296 3.3761 3.3761 3.2002 3.2002 3.0048 3.0048 2.7934 2.7934 2.5701 2.5701 2.3393 2.3393 2.1053 2.1053 1.8722 1.8722 1.6436 1.6436 1.4226 1.4226 1.2115 1.2115 1.0121 1.0121 0.8262 0.8262 0.6556 0.6556 0.5020 0.5020 0.3672 0.3672 0.2525 0.2525 0.1588 0.1588 0.0870 0.0870 0.0377 0.0377 0.0119 0.0119 0.0100
3.5837 3.5837 3.6206 3.6206 3.6833 3.6833 3.7557 3.7557 3.8242 3.8242 3.8803 3.8803 3.9200 3.9200 3.9413 3.9413 3.9426 3.9426 3.9225 3.9225 3.8792 3.8792 3.8111 3.8111 3.7169 3.7169 3.5964 3.5964 3.4505 3.4505 3.2810 3.2810 3.0909 3.0909 2.8834 2.8834 2.6624 2.6624 2.4322 2.4322 2.1973 2.1973 1.9622 1.9622 1.7307 1.7307 1.5064 1.5064 1.2917 1.2917 1.0887 1.0887 0.8992 0.8992 0.7248 0.7248 0.5670 0.5670 0.4273 0.4273 0.3070 0.3070 0.2069 0.2069 0.1279 0.1279 0.0711 0.0711 0.0376 0.0376 0.0286
3.5460 3.5460 3.5846 3.5846 3.6505 3.6505 3.7276 3.7276 3.8021 3.8021 3.8656 3.8656 3.9138 3.9138 3.9443 3.9443 3.9554 3.9554 3.9450 3.9450 3.9112 3.9112 3.8520 3.8520 3.7661 3.7661 3.6532 3.6532 3.5141 3.5141 3.3506 3.3506 3.1655 3.1655 2.9620 2.9620 2.7438 2.7438 2.5152 2.5152 2.2807 2.2807 2.0449 2.0449 1.8121 1.8121 1.5859 1.5859 1.3693 1.3693 1.1645 1.1645 0.9731 0.9731 0.7968 0.7968 0.6369 0.6369 0.4944 0.4944 0.3704 0.3704 0.2656 0.2656 0.1808 0.1808 0.1175 0.1175 0.0772 0.0772 0.0613
3.5460 3.5460 3.5846 3.5846 3.6505 3.6505 3.7276 3.7276 3.8021 3.8021 3.8656 3.8656 3.9138 3.9138 3.9443 3.9443 3.9554 3.9554 3.9450 3.9450 3.9112 3.9112 3.8520 3.8520 3.7661 3.7661 3.6532 3.6532 3.5141 3.5141 3.3506 3.3506 3.1655 3.1655 2.9620 2.9620 2.7438 2.7438 2.5152 2.5152 2.2807 2.2807 2.0449 2.0449 1.8121 1.8121 1.5859 1.5859 1.3693 1.3693 1.1645 1.1645 0.9731 0.9731 0.7968 0.7968 0.6369 0.6369 0.4944 0.4944 0.3704 0.3704 0.2656 0.2656 0.1808 0.1808 0.1175 0.1175 0.0772 0.0772 0.0613
3.5051 3.5051 3.5452 3.5452 3.6142 3.6142 3.6958 3.6958 3.7763 3.7763 3.8470 3.8470 3.9033 3.9033 3.9427 3.9427 3.9628 3.9628 3.9612 3.9612 3.9357 3.9357 3.8841 3.8841 3.8052 3.8052 3.6988 3.6988 3.5657 3.5657 3.4077 3.4077 3.2275 3.2275 3.0284 3.0284 2.8138 2.8138 2.5879 2.5879 2.3552 2.3552 2.1203 2.1203 1.8877 1.8877 1.6613 1.6613 1.4443 1.4443 1.2391 1.2391 1.0475 1.0475 0.8710 0.8710 0.7107 0.7107 0.5673 0.5673 0.4415 0.4415 0.3336 0.3336 0.2445 0.2445 0.1759 0.1759 0.1297 0.1297 0.1077
3.5051 3.5051 3.5452 3.5452 3.6142 3.6142 3.6958 3.6958 3.7763 3.7763 3.8470 3.8470 3.9033 3.9033 3.9427 3.9427 3.9628 3.9628 3.9612 3.9612 3.9357 3.9357 3.8841 3.8841 3.8052 3.8052 3.6988 3.6988 3.5657 3.5657 3.4077 3.4077 3.2275 3.2275 3.0284 3.0284 2.8138 2.8138 2.5879 2.5879 2.3552 2.3552 2.1203 2.1203 1.8877 1.8877 1.6613 1.6613 1.4443 1.4443 1.2391 1.2391 1.0475 1.0475 0.8710 0.8710 0.7107 0.7107 0.5673 0.5673 0.4415 0.4415 0.3336 0.3336 0.2445 0.2445 0.1759 0.1759 0.1297 0.1297 0.1077
3.4658 3.4658 3.5073 3.5073 3.5791 3.5791 3.6649 3.6649 3.7507 3.7507 3.8278 3.8278 3.8914 3.8914 3.9384 3.9384 3.9661 3.9661 3.9718 3.9718 3.9529 3.9529 3.9073 3.9073 3.8340 3.8340 3.7328 3.7328 3.6047 3.6047 3.4518 3.4518 3.2766 3.2766 3.0823 3.0823 2.8722 2.8722 2.6502 2.6502 2.4208 2.4208 2.1884 2.1884 1.9576 1.9576 1.7325 1.7325 1.5166 1.5166 1.3124 1.3124 1.1220 1.1220 0.9467 0.9467 0.7875 0.7875 0.6447 0.6447 0.5185 0.5185 0.4090 0.4090 0.3172 0.3172 0.2446 0.2446 0.1937 0.1937 0.1662
3.4658 3.4658 3.5073 3.5073 3.5791 3.5791 3.6649 3.6649 3.7507 3.7507 3.8278 3.8278 3.8914 3.8914 3.9384 3.9384 3.9661 3.9661 3.9718 3.9718 3.9529 3.9529 3.9073 3.9073 3.8340 3.8340 3.7328 3.7328 3.6047 3.6047 3.4518 3.4518 3.2766 3.2766 3.0823 3.0823 2.8722 2.8722 2.6502 2.6502 2.4208 2.4208 2.1884 2.1884 1.9576 1.9576 1.7325 1.7325 1.5166 1.5166 1.3124 1.3124 1.1220 1.1220 0.9467 0.9467 0.7875 0.7875 0.6447 0.6447 0.5185 0.5185 0.4090 0.4090 0.3172 0.3172 0.2446 0.2446 0.1937 0.1937 0.1662
3.4327 3.4327 3.4755 3.4755 3.5496 3.5496 3.6389 3.6389 3.7292 3.7292 3.8115 3.8115 3.8807 3.8807 3.9335 3.9335 3.9669 3.9669 3.9779 3.9779 3.9638 3.9638 3.9226 3.9226 3.8533 3.8533 3.7561 3.7561 3.6322 3.6322 3.4838 3.4838 3.3134 3.3134 3.1242 3.1242 2.9193 2.9193 2.7024 2.7024 2.4776 2.4776 2.2493 2.2493 2.0218 2.0218 1.7996 1.7996 1.5861 1.5861 1.3843 1.3843 1.1962 1.1962 1.0232 1.0232 0.8661 0.8661 0.7249 0.7249 0.5994 0.5994 0.4896 0.4896 0.3963 0.3963 0.3212 0.3212 0.2666 0.2666 0.2346
3.4327 3.4327 3.4755 3.4755 3.5496 3.5496 3.6389 3.6389 3.7292 3.7292 3.8115 3.8115 3.8807 3.8807 3.9335 3.9335 3.9669 3.9669 3.9779 3.9779 3.9638 3.9638 3.9226 3.9226 3.8533 3.8533 3.7561 3.7561 3.6322 3.6322 3.4838 3.4838 3.3134 3.3134 3.1242 3.1242 2.9193 2.9193 2.7024 2.7024 2.4776 2.4776 2.2493 2.2493 2.0218 2.0218 1.7996 1.7996 1.5861 1.5861 1.3843 1.3843 1.1962 1.1962 1.0232 1.0232 0.8661 0.8661 0.7249 0.7249 0.5994 0.5994 0.4896 0.4896 0.3963 0.3963 0.3212 0.3212 0.2666 0.2666 0.2346
3.4096 3.4096 3.4533 3.4533 3.5294 3.5294 3.6214 3.6214 3.7150 3.7150 3.8010 3.8010 3.8740 3.8740 3.9304 3.9304 3.9673 3.9673 3.9815 3.9815 3.9703 3.9703 3.9319 3.9319 3.8653 3.8653 3.7709 3.7709 3.6502 3.6502 3.5056 3.5056 3.3397 3.3397 3.1556 3.1556 2.9563 2.9563 2.7453 2.7453 2.5262 2.5262 2.3032 2.3032 2.0805 2.0805 1.8624 1.8624 1.6526 1.6526 1.4542 1.4542 1.2693 1.2693 1.0993 1.0993 0.9448 0.9448 0.8057 0.8057 0.6818 0.6818 0.5727 0.5727 0.4792 0.4792 0.4028 0.4028 0.3458 0.3458 0.3102
3.4096 3.4096 3.4533 3.4533 3.5294 3.5294 3.6214 3.6214 3.7150 3.7150 3.8010 3.8010 3.8740 3.8740 3.9304 3.9304 3.9673 3.9673 3.9815 3.9815 3.9703 3.9703 3.9319 3.9319 3.8653 3.8653 3.7709 3.7709 3.6502 3.6502 3.5056 3.5056 3.3397 3.3397 3.1556 3.1556 2.9563 2.9563 2.7453 2.7453 2.5262 2.5262 2.3032 2.3032 2.0805 2.0805 1.8624 1.8624 1.6526 1.6526 1.4542 1.4542 1.2693 1.2693 1.0993 1.0993 0.9448 0.9448 0.8057 0.8057 0.6818 0.6818 0.5727 0.5727 0.4792 0.4792 0.4028 0.4028 0.3458 0.3458 0.3102
3.3987 3.3987 3.4432 3.4432 3.5205 3.5205 3.6143 3.6143 3.7101 3.7101 3.7981 3.7981 3.8730 3.8730 3.9310 3.9310 3.9691 3.9691 3.9846 3.9846 3.9747 3.9747 3.9376 3.9376 3.8725 3.8725 3.7799 3.7799 3.6615 3.6615 3.5199 3.5199 3.3578 3.3578 3.1785 3.1785 2.9848 2.9848 2.7799 2.7799 2.5672 2.5672 2.3502 2.3502 2.1333 2.1333 1.9204 1.9204 1.7153 1.7153 1.5210 1.5210 1.3398 1.3398 1.1732 1.1732 1.0217 1.0217 0.8852 0.8852 0.7634 0.7634 0.6559 0.6559 0.5633 0.5633 0.4867 0.4867 0.4283 0.4283 0.3898
3.3987 3.3987 3.4432 3.4432 3.5205 3.5205 3.6143 3.6143 3.7101 3.7101 3.7981 3.7981 3.8730 3.8730 3.9310 3.9310 3.9691 3.9691 3.9846 3.9846 3.9747 3.9747 3.9376 3.9376 3.8725 3.8725 3.7799 3.7799 3.6615 3.6615 3.5199 3.5199 3.3578 3.3578 3.1785 3.1785 2.9848 2.9848 2.7799 2.7799 2.5672 2.5672 2.3502 2.3502 2.1333 2.1333 1.9204 1.9204 1.7153 1.7153 1.5210 1.5210 1.3398 1.3398 1.1732 1.1732 1.0217 1.0217 0.8852 0.8852 0.7634 0.7634 0.6559 0.6559 0.5633 0.5633 0.4867 0.4867 0.4283 0.4283 0.3898
3.4005 3.4005 3.4453 3.4453 3.5234 3.5234 3.6182 3.6182 3.7148 3.7148 3.8034 3.8034 3.8783 3.8783 3.9360 3.9360 3.9736 3.9736 3.9887 3.9887 3.9788 3.9788 3.9419 3.9419 3.8773 3.8773 3.7856 3.7856 3.6686 3.6686 3.5291 3.5291 3.3703 3.3703 3.1952 3.1952 3.0067 3.0067 2.8077 2.8077 2.6012 2.6012 2.3906 2.3906 2.1798 2.1798 1.9726 1.9726 1.7728 1.7728 1.5832 1.5832 1.4062 1.4062 1.2432 1.2432 1.0950 1.0950 0.9615 0.9615 0.8424 0.8424 0.7373 0.7373 0.6463 0.6463 0.5705 0.5705 0.5114 0.5114 0.4708
3.4005 3.4005 3.4453 3.4453 3.5234 3.5234 3.6182 3.6182 3.7148 3.7148 3.8034 3.8034 3.8783 3.8783 3.9360 3.9360 3.9736 3.9736 3.9887 3.9887 3.9788 3.9788 3.9419 3.9419 3.8773 3.8773 3.7856 3.7856 3.6686 3.6686 3.5291 3.5291 3.3703 3.3703 3.1952 3.1952 3.0067 3.0067 2.8077 2.8077 2.6012 2.6012 2.3906 2.3906 2.1798 2.1798 1.9726 1.9726 1.7728 1.7728 1.5832 1.5832 1.4062 1.4062 1.2432 1.2432 1.0950 1.0950 0.9615 0.9615 0.8424 0.8424 0.7373 0.7373 0.6463 0.6463 0.5705 0.5705 0.5114 0.5114 0.4708
3.4134 3.4134 3.4583 3.4583 3.5366 3.5366 3.6314 3.6314 3.7276 3.7276 3.8154 3.8154 3.8888 3.8888 3.9446 3.9446 3.9804 3.9804 3.9940 3.9940 3.9829 3.9829 3.9454 3.9454 3.8807 3.8807 3.7892 3.7892 3.6732 3.6732 3.5354 3.5354 3.3791 3.3791 3.2075 3.2075 3.0234 3.0234 2.8296 2.8296 2.6288 2.6288 2.4241 2.4241 2.2193 2.2193 2.0180 2.0180 1.8236 1.8236 1.6390 1.6390 1.4665 1.4665 1.3076 1.3076 1.1630 1.1630 1.0330 1.0330 0.9171 0.9171 0.8150 0.8150 0.7264 0.7264 0.6520 0.6520 0.5929 0.5929 0.5507
3.4134 3.4134 3.4583 3.4583 3.5366 3.5366 3.6314 3.6314 3.7276 3.7276 3.8154 3.8154 3.8888 3.8888 3.9446 3.9446 3.9804 3.9804 3.9940 3.9940 3.9829 3.9829 3.9454 3.9454 3.8807 3.8807 3.7892 3.7892 3.6732 3.6732 3.5354 3.5354 3.3791 3.3791 3.2075 3.2075 3.0234 3.0234 2.8296 2.8296 2.6288 2.6288 2.4241 2.4241 2.2193 2.2193 2.0180 2.0180 1.8236 1.8236 1.6390 1.6390 1.4665 1.4665 1.3076 1.3076 1.1630 1.1630 1.0330 1.0330 0.9171 0.9171 0.8150 0.8150 0.7264 0.7264 0.6520 0.6520 0.5929 0.5929 0.5507
3.4345 3.4345 3.4792 3.4792 3.5569 3.5569 3.6506 3.6506 3.7454 3.7454 3.8309 3.8309 3.9016 3.9016 3.9545 3.9545 3.9874 3.9874 3.9986 3.9986 3.9858 3.9858 3.9472 3.9472 3.8821 3.8821 3.7909 3.7909 3.6756 3.6756 3.5392 3.5392 3.3851 3.3851 3.2164 3.2164 3.0358 3.0358 2.8461 2.8461 2.6500 2.6500 2.4504 2.4504 2.2510 2.2510 2.0551 2.0551 1.8662 1.8662 1.6869 1.6869 1.5194 1.5194 1.3650 1.3650 1.2246 1.2246 1.0985 1.0985 0.9863 0.9863 0.8875 0.8875 0.8017 0.8017 0.7291 0.7291 0.6705 0.6705 0.6274
3.4345 3.4345 3.4792 3.4792 3.5569 3.5569 3.6506 3.6506 3.7454 3.7454 3.8309 3.8309 3.9016 3.9016 3.9545 3.9545 3.9874 3.9874 3.9986 3.9986 3.9858 3.9858 3.9472 3.9472 3.8821 3.8821 3.7909 3.7909 3.6756 3.6756 3.5392 3.5392 3.3851 3.3851 3.2164 3.2164 3.0358 3.0358 2.8461 2.8461 2.6500 2.6500 2.4504 2.4504 2.2510 2.2510 2.0551 2.0551 1.8662 1.8662 1.6869 1.6869 1.5194 1.5194 1.3650 1.3650 1.2246 1.2246 1.0985 1.0985 0.9863 0.9863 0.8875 0.8875 0.8017 0.8017 0.7291 0.7291 0.6705 0.6705 0.6274
3.4602 3.4602 3.5041 3.5041 3.5803 3.5803 3.6720 3.6720 3.7640 3.7640 3.8462 3.8462 3.9131 3.9131 3.9622 3.9622 3.9917 3.9917 4.0000 4.0000 3.9852 3.9852 3.9456 3.9456 3.8802 3.8802 3.7895 3.7895 3.6753 3.6753 3.5405 3.5405 3.3883 3.3883 3.2218 3.2218 3.0440 3.0440 2.8574 2.8574 2.6649 2.6649 2.4695 2.4695 2.2746 2.2746 2.0837 2.0837 1.9000 1.9000 1.7261 1.7261 1.5639 1.5639 1.4147 1.4147 1.2790 1.2790 1.1571 1.1571 1.0488 1.0488 0.9534 0.9534 0.8705 0.8705 0.7999 0.7999 0.7423 0.7423 0.6987
3.4602 3.4602 3.5041 3.5041 3.5803 3.5803 3.6720 3.6720 3.7640 3.7640 3.8462 3.8462 3.9131 3.9131 3.9622 3.9622 3.9917 3.9917 4.0000 4.0000 3.9852 3.9852 3.9456 3.9456 3.8802 3.8802 3.7895 3.7895 3.6753 3.6753 3.5405 3.5405 3.3883 3.3883 3.2218 3.2218 3.0440 3.0440 2.8574 2.8574 2.6649 2.6649 2.4695 2.4695 2.2746 2.2746 2.0837 2.0837 1.9000 1.9000 1.7261 1.7261 1.5639 1.5639 1.4147 1.4147 1.2790 1.2790 1.1571 1.1571 1.0488 1.0488 0.9534 0.9534 0.8705 0.8705 0.7999 0.7999 0.7423 0.7423 0.6987
