Plotting_Scripts/Figure6/alpha_1.grd
DSAA
128	 60
-6350.0000	  6350.0000
   50.0000	  5950.0000
    0.0000	     4.0000
[rows 0 to 31 of 60, columns 0 to 70 of 128]
1.9222 1.9222 1.8495 1.8495 1.7479 1.7479 1.6731 1.6731 1.6602 1.6602 1.7149 1.7149 1.8229 1.8229 1.9570 1.9570 2.0802 2.0802 2.1571 2.1571 2.1740 2.1740 2.1501 2.1501 2.1260 2.1260 2.1339 2.1339 2.1738 2.1738 2.2142 2.2142 2.2169 2.2169 2.1630 2.1630 2.0583 2.0583 1.9201 1.9201 1.7617 1.7617 1.5935 1.5935 1.4333 1.4333 1.3083 1.3083 1.2416 1.2416 1.2366 1.2366 1.2797 1.2797 1.3549 1.3549 1.4509 1.4509 1.5552 1.5552 1.6499 1.6499 1.7178 1.7178 1.7534 1.7534 1.7685 1.7685 1.7881 1.7881 1.8390
2.0242 2.0242 1.9851 1.9851 1.9384 1.9384 1.9246 1.9246 1.9685 1.9685 2.0699 2.0699 2.2047 2.2047 2.3325 2.3325 2.4105 2.4105 2.4137 2.4137 2.3491 2.3491 2.2537 2.2537 2.1761 2.1761 2.1538 2.1538 2.1991 2.1991 2.2984 2.2984 2.4199 2.4199 2.5270 2.5270 2.5901 2.5901 2.5925 2.5925 2.5296 2.5296 2.4073 2.4073 2.2444 2.2444 2.0723 2.0723 1.9236 1.9236 1.8189 1.8189 1.7645 1.7645 1.7565 1.7565 1.7828 1.7828 1.8218 1.8218 1.8476 1.8476 1.8440 1.8440 1.8161 1.8161 1.7914 1.7914 1.8040 1.8040 1.8733
1.9490 1.9490 1.9084 1.9084 1.8529 1.8529 1.8198 1.8198 1.8394 1.8394 1.9214 1.9214 2.0484 2.0484 2.1827 2.1827 2.2813 2.2813 2.3162 2.3162 2.2874 2.2874 2.2246 2.2246 2.1732 2.1732 2.1714 2.1714 2.2328 2.2328 2.3438 2.3438 2.4742 2.4742 2.5933 2.5933 2.6800 2.6800 2.7228 2.7228 2.7110 2.7110 2.6334 2.6334 2.4912 2.4912 2.3117 2.3117 2.1412 2.1412 2.0211 2.0211 1.9693 1.9693 1.9773 1.9773 2.0182 2.0182 2.0565 2.0565 2.0621 2.0621 2.0256 2.0256 1.9640 1.9640 1.9123 1.9123 1.9038 1.9038 1.9542
1.8591 1.8591 1.8454 1.8454 1.8338 1.8338 1.8454 1.8454 1.8938 1.8938 1.9768 1.9768 2.0752 2.0752 2.1611 2.1611 2.2104 2.2104 2.2133 2.2133 2.1803 2.1803 2.1398 2.1398 2.1261 2.1261 2.1603 2.1603 2.2396 2.2396 2.3429 2.3429 2.4477 2.4477 2.5429 2.5429 2.6277 2.6277 2.6994 2.6994 2.7390 2.7390 2.7154 2.7154 2.6110 2.6110 2.4456 2.4456 2.2739 2.2739 2.1537 2.1537 2.1147 2.1147 2.1472 2.1472 2.2121 2.2121 2.2613 2.2613 2.2610 2.2610 2.2085 2.2085 2.1305 2.1305 2.0628 2.0628 2.0294 2.0294 2.0362
2.1152 2.1152 2.1085 2.1085 2.1125 2.1125 2.1429 2.1429 2.1957 2.1957 2.2461 2.2461 2.2659 2.2659 2.2414 2.2414 2.1799 2.1799 2.1022 2.1022 2.0335 2.0335 1.9994 1.9994 2.0191 2.0191 2.0947 2.0947 2.2063 2.2063 2.3235 2.3235 2.4244 2.4244 2.5073 2.5073 2.5840 2.5840 2.6605 2.6605 2.7212 2.7212 2.7351 2.7351 2.6802 2.6802 2.5645 2.5645 2.4260 2.4260 2.3118 2.3118 2.2548 2.2548 2.2590 2.2590 2.3000 2.3000 2.3392 2.3392 2.3460 2.3460 2.3142 2.3142 2.2601 2.2601 2.2037 2.2037 2.1537 2.1537 2.1096
2.5101 2.5101 2.4819 2.4819 2.4496 2.4496 2.4362 2.4362 2.4386 2.4386 2.4282 2.4282 2.3746 2.3746 2.2716 2.2716 2.1430 2.1430 2.0273 2.0273 1.9588 1.9588 1.9600 1.9600 2.0384 2.0384 2.1821 2.1821 2.3575 2.3575 2.5210 2.5210 2.6390 2.6390 2.7046 2.7046 2.7356 2.7356 2.7548 2.7548 2.7693 2.7693 2.7678 2.7678 2.7346 2.7346 2.6621 2.6621 2.5576 2.5576 2.4428 2.4428 2.3488 2.3488 2.3012 2.3012 2.3042 2.3042 2.3384 2.3384 2.3746 2.3746 2.3897 2.3897 2.3740 2.3740 2.3285 2.3285 2.2594 2.2594 2.1754
2.6401 2.6401 2.5905 2.5905 2.5175 2.5175 2.4509 2.4509 2.4009 2.4009 2.3549 2.3549 2.2928 2.2928 2.2084 2.2084 2.1187 2.1187 2.0566 2.0566 2.0549 2.0549 2.1335 2.1335 2.2942 2.2942 2.5156 2.5156 2.7533 2.7533 2.9509 2.9509 3.0634 3.0634 3.0798 3.0798 3.0256 3.0256 2.9429 2.9429 2.8631 2.8631 2.7943 2.7943 2.7256 2.7256 2.6396 2.6396 2.5261 2.5261 2.3976 2.3976 2.2906 2.2906 2.2444 2.2444 2.2728 2.2728 2.3560 2.3560 2.4540 2.4540 2.5270 2.5270 2.5492 2.5492 2.5161 2.5161 2.4424 2.4424 2.3515
2.5788 2.5788 2.4982 2.4982 2.3727 2.3727 2.2481 2.2481 2.1534 2.1534 2.0930 2.0930 2.0563 2.0563 2.0345 2.0345 2.0318 2.0318 2.0657 2.0657 2.1585 2.1585 2.3250 2.3250 2.5632 2.5632 2.8461 2.8461 3.1206 3.1206 3.3223 3.3223 3.4047 3.4047 3.3629 3.3629 3.2320 3.2320 3.0629 3.0629 2.8948 2.8948 2.7424 2.7424 2.5992 2.5992 2.4503 2.4503 2.2907 2.2907 2.1413 2.1413 2.0468 2.0468 2.0478 2.0478 2.1513 2.1513 2.3239 2.3239 2.5101 2.5101 2.6576 2.6576 2.7351 2.7351 2.7395 2.7395 2.6916 2.6916 2.6228
2.5098 2.5098 2.4101 2.4101 2.2545 2.2545 2.1004 2.1004 1.9861 1.9861 1.9208 1.9208 1.8951 1.8951 1.8983 1.8983 1.9303 1.9303 2.0030 2.0030 2.1332 2.1332 2.3330 2.3330 2.5992 2.5992 2.9030 2.9030 3.1883 3.1883 3.3891 3.3891 3.4618 3.4618 3.4070 3.4070 3.2632 3.2632 3.0795 3.0795 2.8909 2.8909 2.7106 2.7106 2.5354 2.5354 2.3563 2.3563 2.1758 2.1758 2.0206 2.0206 1.9361 1.9361 1.9597 1.9597 2.0929 2.0929 2.2972 2.2972 2.5139 2.5139 2.6888 2.6888 2.7909 2.7909 2.8180 2.8180 2.7911 2.7911 2.7411
2.2442 2.2442 2.1234 2.1234 1.9365 1.9365 1.7547 1.7547 1.6247 1.6247 1.5569 1.5569 1.5404 1.5404 1.5637 1.5637 1.6243 1.6243 1.7277 1.7277 1.8845 1.8845 2.1054 2.1054 2.3892 2.3892 2.7085 2.7085 3.0083 3.0083 3.2264 3.2264 3.3266 3.3266 3.3147 3.3147 3.2250 3.2250 3.0918 3.0918 2.9333 2.9333 2.7557 2.7557 2.5615 2.5615 2.3565 2.3565 2.1581 2.1581 2.0008 2.0008 1.9269 1.9269 1.9641 1.9641 2.1067 2.1067 2.3156 2.3156 2.5356 2.5356 2.7176 2.7176 2.8341 2.8341 2.8818 2.8818 2.8777 2.8777 2.8503
1.8595 1.8595 1.7701 1.7701 1.6318 1.6318 1.4942 1.4942 1.3860 1.3860 1.3120 1.3120 1.2693 1.2693 1.2591 1.2591 1.2869 1.2869 1.3585 1.3585 1.4815 1.4815 1.6669 1.6669 1.9206 1.9206 2.2277 2.2277 2.5457 2.5457 2.8184 2.8184 3.0046 3.0046 3.0972 3.0972 3.1169 3.1169 3.0882 3.0882 3.0229 3.0229 2.9216 2.9216 2.7824 2.7824 2.6096 2.6096 2.4228 2.4228 2.2599 2.2599 2.1652 2.1652 2.1674 2.1674 2.2634 2.2634 2.4187 2.4187 2.5836 2.5836 2.7154 2.7154 2.7922 2.7922 2.8130 2.8130 2.7927 2.7927 2.7563
1.6370 1.6370 1.5817 1.5817 1.4946 1.4946 1.4019 1.4019 1.3159 1.3159 1.2392 1.2392 1.1767 1.1767 1.1401 1.1401 1.1409 1.1409 1.1853 1.1853 1.2792 1.2792 1.4339 1.4339 1.6603 1.6603 1.9520 1.9520 2.2742 2.2742 2.5718 2.5718 2.7964 2.7964 2.9320 2.9320 2.9952 2.9952 3.0121 3.0121 2.9978 2.9978 2.9516 2.9516 2.8645 2.8645 2.7319 2.7319 2.5678 2.5678 2.4090 2.4090 2.3022 2.3022 2.2791 2.2791 2.3399 2.3399 2.4534 2.4534 2.5735 2.5735 2.6633 2.6633 2.7078 2.7078 2.7116 2.7116 2.6891 2.6891 2.6591
1.0580 1.0580 1.0751 1.0751 1.1003 1.1003 1.1163 1.1163 1.1059 1.1059 1.0641 1.0641 1.0045 1.0045 0.9494 0.9494 0.9165 0.9165 0.9131 0.9131 0.9448 0.9448 1.0258 1.0258 1.1754 1.1754 1.4011 1.4011 1.6810 1.6810 1.9674 1.9674 2.2112 2.2112 2.3900 2.3900 2.5143 2.5143 2.6101 2.6101 2.6952 2.6952 2.7664 2.7664 2.8033 2.8033 2.7845 2.7845 2.7080 2.7080 2.5991 2.5991 2.4976 2.4976 2.4342 2.4342 2.4156 2.4156 2.4251 2.4251 2.4386 2.4386 2.4419 2.4419 2.4377 2.4377 2.4384 2.4384 2.4518 2.4518 2.4744
0.3797 0.3797 0.4427 0.4427 0.5499 0.5499 0.6703 0.6703 0.7719 0.7719 0.8336 0.8336 0.8508 0.8508 0.8347 0.8347 0.8024 0.8024 0.7691 0.7691 0.7469 0.7469 0.7510 0.7510 0.8018 0.8018 0.9142 0.9142 1.0850 1.0850 1.2917 1.2917 1.5072 1.5072 1.7140 1.7140 1.9084 1.9084 2.0939 2.0939 2.2717 2.2717 2.4339 2.4339 2.5641 2.5641 2.6440 2.6440 2.6650 2.6650 2.6352 2.6352 2.5731 2.5731 2.4966 2.4966 2.4170 2.4170 2.3423 2.3423 2.2820 2.2820 2.2470 2.2470 2.2460 2.2460 2.2804 2.2804 2.3399 2.3399 2.4031
0.1260 0.1260 0.2015 0.2015 0.3347 0.3347 0.4956 0.4956 0.6500 0.6500 0.7671 0.7671 0.8290 0.8290 0.8369 0.8369 0.8072 0.8072 0.7597 0.7597 0.7106 0.7106 0.6753 0.6753 0.6748 0.6748 0.7295 0.7295 0.8472 0.8472 1.0184 1.0184 1.2251 1.2251 1.4505 1.4505 1.6823 1.6823 1.9107 1.9107 2.1261 2.1261 2.3177 2.3177 2.4726 2.4726 2.5783 2.5783 2.6279 2.6279 2.6251 2.6251 2.5809 2.5809 2.5083 2.5083 2.4203 2.4203 2.3335 2.3335 2.2684 2.2684 2.2411 2.2411 2.2566 2.2566 2.3068 2.3068 2.3738 2.3738 2.4342
0.0009 0.0009 0.0827 0.0827 0.2310 0.2310 0.4185 0.4185 0.6099 0.6099 0.7675 0.7675 0.8627 0.8627 0.8885 0.8885 0.8593 0.8593 0.7968 0.7968 0.7186 0.7186 0.6418 0.6418 0.5913 0.5913 0.5960 0.5960 0.6734 0.6734 0.8221 0.8221 1.0275 1.0275 1.2707 1.2707 1.5328 1.5328 1.7951 1.7951 2.0407 2.0407 2.2554 2.2554 2.4273 2.4273 2.5471 2.5471 2.6101 2.6101 2.6196 2.6196 2.5858 2.5858 2.5213 2.5213 2.4410 2.4410 2.3649 2.3649 2.3161 2.3161 2.3095 2.3095 2.3433 2.3433 2.4018 2.4018 2.4635 2.4635 2.5083
0.0220 0.0220 0.1053 0.1053 0.2583 0.2583 0.4563 0.4563 0.6638 0.6638 0.8393 0.8393 0.9496 0.9496 0.9840 0.9840 0.9538 0.9538 0.8773 0.8773 0.7694 0.7694 0.6497 0.6497 0.5511 0.5511 0.5131 0.5131 0.5610 0.5610 0.6963 0.6963 0.9027 0.9027 1.1577 1.1577 1.4388 1.4388 1.7246 1.7246 1.9952 1.9952 2.2334 2.2334 2.4249 2.4249 2.5585 2.5585 2.6296 2.6296 2.6437 2.6437 2.6154 2.6154 2.5616 2.5616 2.4993 2.4993 2.4475 2.4475 2.4251 2.4251 2.4405 2.4405 2.4854 2.4854 2.5395 2.5395 2.5832 2.5832 2.6042
0.1640 0.1640 0.2463 0.2463 0.3980 0.3980 0.5944 0.5944 0.7994 0.7994 0.9715 0.9715 1.0789 1.0789 1.1128 1.1128 1.0810 1.0810 0.9933 0.9933 0.8584 0.8584 0.6974 0.6974 0.5531 0.5531 0.4756 0.4756 0.4967 0.4967 0.6181 0.6181 0.8202 0.8202 1.0775 1.0775 1.3667 1.3667 1.6676 1.6676 1.9613 1.9613 2.2282 2.2282 2.4488 2.4488 2.6067 2.6067 2.6947 2.6947 2.7195 2.7195 2.7005 2.7005 2.6610 2.6610 2.6208 2.6208 2.5954 2.5954 2.5957 2.5957 2.6218 2.6218 2.6605 2.6605 2.6924 2.6924 2.7048 2.7048 2.6968
0.3681 0.3681 0.4499 0.4499 0.5993 0.5993 0.7894 0.7894 0.9822 0.9822 1.1385 1.1385 1.2330 1.2330 1.2612 1.2612 1.2275 1.2275 1.1319 1.1319 0.9751 0.9751 0.7789 0.7789 0.5933 0.5933 0.4771 0.4771 0.4674 0.4674 0.5670 0.5670 0.7548 0.7548 1.0039 1.0039 1.2922 1.2922 1.6028 1.6028 1.9185 1.9185 2.2178 2.2178 2.4767 2.4767 2.6732 2.6732 2.7953 2.7953 2.8478 2.8478 2.8516 2.8516 2.8339 2.8339 2.8172 2.8172 2.8140 2.8140 2.8258 2.8258 2.8448 2.8448 2.8562 2.8562 2.8475 2.8475 2.8182 2.8182 2.7800
0.5661 0.5661 0.6487 0.6487 0.7970 0.7970 0.9804 0.9804 1.1601 1.1601 1.3006 1.3006 1.3831 1.3831 1.4065 1.4065 1.3720 1.3720 1.2716 1.2716 1.1006 1.1006 0.8800 0.8800 0.6627 0.6627 0.5118 0.5118 0.4686 0.4686 0.5386 0.5386 0.7017 0.7017 0.9325 0.9325 1.2121 1.2121 1.5266 1.5266 1.8597 1.8597 2.1888 2.1888 2.4872 2.4872 2.7301 2.7301 2.9016 2.9016 3.0010 3.0010 3.0449 3.0449 3.0600 3.0600 3.0702 3.0702 3.0849 3.0849 3.0979 3.0979 3.0951 3.0951 3.0649 3.0649 3.0070 3.0070 2.9355 2.9355 2.8725
0.7030 0.7030 0.7856 0.7856 0.9311 0.9311 1.1068 1.1068 1.2757 1.2757 1.4074 1.4074 1.4872 1.4872 1.5132 1.5132 1.4820 1.4820 1.3827 1.3827 1.2090 1.2090 0.9807 0.9807 0.7489 0.7489 0.5757 0.5757 0.5042 0.5042 0.5428 0.5428 0.6743 0.6743 0.8777 0.8777 1.1392 1.1392 1.4483 1.4483 1.7886 1.7886 2.1361 2.1361 2.4643 2.4643 2.7499 2.7499 2.9757 2.9757 3.1345 3.1345 3.2337 3.2337 3.2937 3.2937 3.3359 3.3359 3.3669 3.3669 3.3755 3.3755 3.3462 3.3462 3.2749 3.2749 3.1754 3.1754 3.0743 3.0743 2.9985
0.7507 0.7507 0.8287 0.8287 0.9641 0.9641 1.1259 1.1259 1.2830 1.2830 1.4121 1.4121 1.4996 1.4996 1.5384 1.5384 1.5201 1.5201 1.4337 1.4337 1.2748 1.2748 1.0615 1.0615 0.8389 0.8389 0.6637 0.6637 0.5772 0.5772 0.5889 0.5889 0.6858 0.6858 0.8535 0.8535 1.0860 1.0860 1.3771 1.3771 1.7100 1.7100 2.0594 2.0594 2.4009 2.4009 2.7161 2.7161 2.9906 2.9906 3.2120 3.2120 3.3759 3.3759 3.4903 3.4903 3.5686 3.5686 3.6143 3.6143 3.6167 3.6167 3.5651 3.5651 3.4664 3.4664 3.3462 3.3462 3.2363 3.2363 3.1619
0.7118 0.7118 0.7782 0.7782 0.8922 0.8922 1.0285 1.0285 1.1664 1.1664 1.2917 1.2917 1.3915 1.3915 1.4521 1.4521 1.4599 1.4599 1.4039 1.4039 1.2818 1.2818 1.1085 1.1085 0.9203 0.9203 0.7650 0.7650 0.6786 0.6786 0.6704 0.6704 0.7323 0.7323 0.8585 0.8585 1.0527 1.0527 1.3141 1.3141 1.6261 1.6261 1.9620 1.9620 2.3004 2.3004 2.6306 2.6306 2.9439 2.9439 3.2252 3.2252 3.4565 3.4565 3.6286 3.6286 3.7423 3.7423 3.7983 3.7983 3.7924 3.7924 3.7260 3.7260 3.6180 3.6180 3.4999 3.4999 3.4011 3.4011 3.3395
0.6164 0.6164 0.6642 0.6642 0.7455 0.7455 0.8443 0.8443 0.9525 0.9525 1.0656 1.0656 1.1738 1.1738 1.2591 1.2591 1.3031 1.3031 1.2939 1.2939 1.2284 1.2284 1.1158 1.1158 0.9818 0.9818 0.8624 0.8624 0.7865 0.7865 0.7637 0.7637 0.7926 0.7926 0.8776 0.8776 1.0314 1.0314 1.2584 1.2584 1.5419 1.5419 1.8543 1.8543 2.1783 2.1783 2.5126 2.5126 2.8561 2.8561 3.1915 3.1915 3.4867 3.4867 3.7123 3.7123 3.8542 3.8542 3.9123 3.9123 3.8944 3.8944 3.8187 3.8187 3.7152 3.7152 3.6157 3.6157 3.5410 3.5410 3.4986
0.5094 0.5094 0.5346 0.5346 0.5777 0.5777 0.6331 0.6331 0.7039 0.7039 0.7952 0.7952 0.9015 0.9015 1.0049 1.0049 1.0853 1.0853 1.1289 1.1289 1.1290 1.1290 1.0866 1.0866 1.0149 1.0149 0.9370 0.9370 0.8750 0.8750 0.8415 0.8415 0.8441 0.8441 0.8969 0.8969 1.0191 1.0191 1.2167 1.2167 1.4714 1.4714 1.7558 1.7558 2.0588 2.0588 2.3897 2.3897 2.7553 2.7553 3.1359 3.1359 3.4847 3.4847 3.7522 3.7522 3.9109 3.9109 3.9623 3.9623 3.9295 3.9295 3.8479 3.8479 3.7563 3.7563 3.6833 3.6833 3.6390 3.6390 3.6195
0.4351 0.4351 0.4390 0.4390 0.4463 0.4463 0.4609 0.4609 0.4941 0.4941 0.5572 0.5572 0.6498 0.6498 0.7575 0.7575 0.8626 0.8626 0.9508 0.9508 1.0105 1.0105 1.0330 1.0330 1.0177 1.0177 0.9759 0.9759 0.9261 0.9261 0.8868 0.8868 0.8758 0.8758 0.9142 0.9142 1.0213 1.0213 1.1998 1.1998 1.4290 1.4290 1.6839 1.6839 1.9619 1.9619 2.2832 2.2832 2.6614 2.6614 3.0729 3.0729 3.4578 3.4578 3.7503 3.7503 3.9139 3.9139 3.9543 3.9543 3.9084 3.9084 3.8255 3.8255 3.7495 3.7495 3.7054 3.7054 3.6939 3.6939 3.7013
0.4275 0.4275 0.4147 0.4147 0.3939 0.3939 0.3759 0.3759 0.3766 0.3766 0.4102 0.4102 0.4795 0.4795 0.5760 0.5760 0.6878 0.6878 0.8023 0.8023 0.9035 0.9035 0.9723 0.9723 0.9960 0.9960 0.9779 0.9779 0.9366 0.9366 0.8989 0.8989 0.8909 0.8909 0.9344 0.9344 1.0418 1.0418 1.2086 1.2086 1.4136 1.4136 1.6382 1.6382 1.8902 1.8902 2.1983 2.1983 2.5783 2.5783 3.0021 3.0021 3.4007 3.4007 3.7000 3.7000 3.8603 3.8603 3.8917 3.8917 3.8404 3.8404 3.7634 3.7634 3.7070 3.7070 3.6926 3.6926 3.7154 3.7154 3.7535
0.5031 0.5031 0.4785 0.4785 0.4376 0.4376 0.3956 0.3956 0.3705 0.3705 0.3761 0.3761 0.4174 0.4174 0.4918 0.4918 0.5940 0.5940 0.7145 0.7145 0.8334 0.8334 0.9233 0.9233 0.9636 0.9636 0.9542 0.9542 0.9183 0.9183 0.8902 0.8902 0.8992 0.8992 0.9601 0.9601 1.0736 1.0736 1.2278 1.2278 1.4056 1.4056 1.6005 1.6005 1.8301 1.8301 2.1254 2.1254 2.4980 2.4980 2.9149 2.9149 3.3053 3.3053 3.5961 3.5961 3.7500 3.7500 3.7797 3.7797 3.7343 3.7343 3.6729 3.6729 3.6410 3.6410 3.6580 3.6580 3.7156 3.7156 3.7868
0.6543 0.6543 0.6216 0.6216 0.5672 0.5672 0.5091 0.5091 0.4653 0.4653 0.4478 0.4478 0.4622 0.4622 0.5107 0.5107 0.5939 0.5939 0.7041 0.7041 0.8187 0.8187 0.9057 0.9057 0.9417 0.9417 0.9289 0.9289 0.8960 0.8960 0.8815 0.8815 0.9116 0.9116 0.9899 0.9899 1.1040 1.1040 1.2384 1.2384 1.3855 1.3855 1.5537 1.5537 1.7678 1.7678 2.0531 2.0531 2.4110 2.4110 2.8048 2.8048 3.1697 3.1697 3.4422 3.4422 3.5911 3.5911 3.6289 3.6289 3.6014 3.6014 3.5648 3.5648 3.5628 3.5628 3.6125 3.6125 3.7037 3.7037 3.8060
0.8501 0.8501 0.8125 0.8125 0.7512 0.7512 0.6865 0.6865 0.6347 0.6347 0.6041 0.6041 0.5991 0.5991 0.6255 0.6255 0.6875 0.6875 0.7778 0.7778 0.8722 0.8722 0.9386 0.9386 0.9564 0.9564 0.9325 0.9325 0.8998 0.8998 0.8963 0.8963 0.9410 0.9410 1.0257 1.0257 1.1288 1.1288 1.2359 1.2359 1.3517 1.3517 1.4983 1.4983 1.7026 1.7026 1.9787 1.9787 2.3151 2.3151 2.6737 2.6737 3.0021 3.0021 3.2525 3.2525 3.4010 3.4010 3.4563 3.4563 3.4560 3.4560 3.4503 3.4503 3.4800 3.4800 3.5610 3.5610 3.6807 3.6807 3.8083
1.0494 1.0494 1.0106 1.0106 0.9508 0.9508 0.8923 0.8923 0.8479 0.8479 0.8199 0.8199 0.8094 0.8094 0.8233 0.8233 0.8670 0.8670 0.9328 0.9328 0.9973 0.9973 1.0332 1.0332 1.0263 1.0263 0.9883 0.9883 0.9527 0.9527 0.9533 0.9533 1.0008 1.0008 1.0782 1.0782 1.1593 1.1593 1.2344 1.2344 1.3200 1.3200 1.4479 1.4479 1.6430 1.6430 1.9066 1.9066 2.2156 2.2156 2.5336 2.5336 2.8229 2.8229 3.0527 3.0527 3.2056 3.2056 3.2839 3.2839 3.3138 3.3138 3.3379 3.3379 3.3951 3.3951 3.5003 3.5003 3.6402 3.6402 3.7855
1.2214 1.2214 1.1867 1.1867 1.1386 1.1386 1.1003 1.1003 1.0798 1.0798 1.0717 1.0717 1.0718 1.0718 1.0846 1.0846 1.1143 1.1143 1.1534 1.1534 1.1826 1.1826 1.1831 1.1831 1.1493 1.1493 1.0965 1.0965 1.0562 1.0562 1.0562 1.0562 1.0991 1.0991 1.1609 1.1609 1.2143 1.2143 1.2551 1.2551 1.3095 1.3095 1.4159 1.4159 1.5963 1.5963 1.8419 1.8419 2.1220 2.1220 2.4027 2.4027 2.6591 2.6591 2.8737 2.8737 3.0331 3.0331 3.1322 3.1322 3.1859 3.1859 3.2303 3.2303 3.3042 3.3042 3.4234 3.4234 3.5748 3.5748 3.7305
