Plotting_Scripts/Figure6/alpha_4.grd
DSAA
128	 60
-6350.0000	  6350.0000
   50.0000	  5950.0000
    0.0000	     4.0000
[rows 0 to 31 of 60, columns 0 to 70 of 128]
1.9527 1.9527 2.0161 2.0161 2.1282 2.1282 2.2676 2.2676 2.4157 2.4157 2.5610 2.5610 2.6983 2.6983 2.8259 2.8259 2.9436 2.9436 3.0511 3.0511 3.1471 3.1471 3.2297 3.2297 3.2969 3.2969 3.3469 3.3469 3.3793 3.3793 3.3943 3.3943 3.3927 3.3927 3.3751 3.3751 3.3417 3.3417 3.2918 3.2918 3.2251 3.2251 3.1421 3.1421 3.0443 3.0443 2.9339 2.9339 2.8132 2.8132 2.6851 2.6851 2.5524 2.5524 2.4184 2.4184 2.2853 2.2853 2.1539 2.1539 2.0224 2.0224 1.8871 1.8871 1.7441 1.7441 1.5907 1.5907 1.4270 1.4270 1.2559
1.9579 1.9579 2.0214 2.0214 2.1336 2.1336 2.2730 2.2730 2.4209 2.4209 2.5661 2.5661 2.7033 2.7033 2.8311 2.8311 2.9494 2.9494 3.0576 3.0576 3.1545 3.1545 3.2380 3.2380 3.3059 3.3059 3.3568 3.3568 3.3898 3.3898 3.4051 3.4051 3.4034 3.4034 3.3852 3.3852 3.3508 3.3508 3.2997 3.2997 3.2320 3.2320 3.1485 3.1485 3.0509 3.0509 2.9412 2.9412 2.8217 2.8217 2.6948 2.6948 2.5631 2.5631 2.4296 2.4296 2.2965 2.2965 2.1646 2.1646 2.0321 2.0321 1.8957 1.8957 1.7513 1.7513 1.5962 1.5962 1.4304 1.4304 1.2568
1.9687 1.9687 2.0322 2.0322 2.1443 2.1443 2.2833 2.2833 2.4306 2.4306 2.5750 2.5750 2.7119 2.7119 2.8400 2.8400 2.9593 2.9593 3.0691 3.0691 3.1679 3.1679 3.2533 3.2533 3.3230 3.3230 3.3753 3.3753 3.4093 3.4093 3.4250 3.4250 3.4228 3.4228 3.4034 3.4034 3.3671 3.3671 3.3139 3.3139 3.2446 3.2446 3.1605 3.1605 3.0636 3.0636 2.9556 2.9556 2.8384 2.8384 2.7137 2.7137 2.5839 2.5839 2.4514 2.4514 2.3182 2.3182 2.1851 2.1851 2.0509 2.0509 1.9123 1.9123 1.7656 1.7656 1.6077 1.6077 1.4384 1.4384 1.2608
1.9850 1.9850 2.0483 2.0483 2.1598 2.1598 2.2976 2.2976 2.4434 2.4434 2.5863 2.5863 2.7224 2.7224 2.8507 2.8507 2.9715 2.9715 3.0837 3.0837 3.1855 3.1855 3.2740 3.2740 3.3466 3.3466 3.4010 3.4010 3.4361 3.4361 3.4518 3.4518 3.4486 3.4486 3.4274 3.4274 3.3887 3.3887 3.3332 3.3332 3.2624 3.2624 3.1781 3.1781 3.0825 3.0825 2.9771 2.9771 2.8630 2.8630 2.7415 2.7415 2.6141 2.6141 2.4827 2.4827 2.3491 2.3491 2.2143 2.2143 2.0776 2.0776 1.9363 1.9363 1.7866 1.7866 1.6255 1.6255 1.4527 1.4527 1.2710
2.0057 2.0057 2.0685 2.0685 2.1787 2.1787 2.3146 2.3146 2.4581 2.4581 2.5989 2.5989 2.7337 2.7337 2.8624 2.8624 2.9849 2.9849 3.1004 3.1004 3.2061 3.2061 3.2988 3.2988 3.3751 3.3751 3.4321 3.4321 3.4685 3.4685 3.4841 3.4841 3.4798 3.4798 3.4567 3.4567 3.4158 3.4158 3.3586 3.3586 3.2869 3.2869 3.2030 3.2030 3.1093 3.1093 3.0068 3.0068 2.8963 2.8963 2.7780 2.7780 2.6528 2.6528 2.5222 2.5222 2.3878 2.3878 2.2508 2.2508 2.1111 2.1111 1.9665 1.9665 1.8137 1.8137 1.6498 1.6498 1.4743 1.4743 1.2897
2.0287 2.0287 2.0908 2.0908 2.1994 2.1994 2.3331 2.3331 2.4740 2.4740 2.6126 2.6126 2.7463 2.7463 2.8754 2.8754 3.0002 3.0002 3.1193 3.1193 3.2296 3.2296 3.3270 3.3270 3.4074 3.4074 3.4675 3.4675 3.5055 3.5055 3.5216 3.5216 3.5168 3.5168 3.4928 3.4928 3.4509 3.4509 3.3931 3.3931 3.3215 3.3215 3.2387 3.2387 3.1470 3.1470 3.0474 3.0474 2.9398 2.9398 2.8240 2.8240 2.7002 2.7002 2.5694 2.5694 2.4334 2.4334 2.2936 2.2936 2.1503 2.1503 2.0023 2.0023 1.8466 1.8466 1.6806 1.6806 1.5036 1.5036 1.3180
2.0523 2.0523 2.1135 2.1135 2.2206 2.2206 2.3521 2.3521 2.4908 2.4908 2.6278 2.6278 2.7610 2.7610 2.8912 2.8912 3.0187 3.0187 3.1416 3.1416 3.2565 3.2565 3.3586 3.3586 3.4431 3.4431 3.5064 3.5064 3.5468 3.5468 3.5644 3.5644 3.5608 3.5608 3.5377 3.5377 3.4969 3.4969 3.4401 3.4401 3.3699 3.3699 3.2888 3.2888 3.1991 3.1991 3.1014 3.1014 2.9954 2.9954 2.8805 2.8805 2.7565 2.7565 2.6244 2.6244 2.4858 2.4858 2.3424 2.3424 2.1953 2.1953 2.0436 2.0436 1.8853 1.8853 1.7180 1.7180 1.5411 1.5411 1.3564
2.0754 2.0754 2.1358 2.1358 2.2414 2.2414 2.3713 2.3713 2.5087 2.5087 2.6451 2.6451 2.7789 2.7789 2.9110 2.9110 3.0414 3.0414 3.1683 3.1683 3.2874 3.2874 3.3937 3.3937 3.4820 3.4820 3.5487 3.5487 3.5921 3.5921 3.6127 3.6127 3.6122 3.6122 3.5924 3.5924 3.5548 3.5548 3.5011 3.5011 3.4336 3.4336 3.3549 3.3549 3.2667 3.2667 3.1699 3.1699 3.0639 3.0639 2.9481 2.9481 2.8223 2.8223 2.6875 2.6875 2.5453 2.5453 2.3979 2.3979 2.2465 2.2465 2.0911 2.0911 1.9304 1.9304 1.7628 1.7628 1.5874 1.5874 1.4054
2.0987 2.0987 2.1582 2.1582 2.2624 2.2624 2.3910 2.3910 2.5278 2.5278 2.6647 2.6647 2.8001 2.8001 2.9348 2.9348 3.0687 3.0687 3.1993 3.1993 3.3223 3.3223 3.4323 3.4323 3.5241 3.5241 3.5943 3.5943 3.6415 3.6415 3.6664 3.6664 3.6707 3.6707 3.6560 3.6560 3.6236 3.6236 3.5746 3.5746 3.5111 3.5111 3.4351 3.4351 3.3483 3.3483 3.2515 3.2515 3.1441 3.1441 3.0259 3.0259 2.8969 2.8969 2.7583 2.7583 2.6121 2.6121 2.4604 2.4604 2.3048 2.3048 2.1459 2.1459 1.9834 1.9834 1.8162 1.8162 1.6436 1.6436 1.4658
2.1233 2.1233 2.1816 2.1816 2.2842 2.2842 2.4116 2.4116 2.5482 2.5482 2.6862 2.6862 2.8239 2.8239 2.9615 2.9615 3.0988 3.0988 3.2331 3.2331 3.3597 3.3597 3.4733 3.4733 3.5687 3.5687 3.6427 3.6427 3.6943 3.6943 3.7244 3.7244 3.7346 3.7346 3.7262 3.7262 3.6999 3.6999 3.6564 3.6564 3.5973 3.5973 3.5244 3.5244 3.4389 3.4389 3.3416 3.3416 3.2323 3.2323 3.1110 3.1110 2.9783 2.9783 2.8359 2.8359 2.6858 2.6858 2.5302 2.5302 2.3710 2.3710 2.2096 2.2096 2.0460 2.0460 1.8801 1.8801 1.7111 1.7111 1.5386
2.1502 2.1502 2.2070 2.2070 2.3074 2.3074 2.4331 2.4331 2.5692 2.5692 2.7082 2.7082 2.8479 2.8479 2.9884 2.9884 3.1288 3.1288 3.2663 3.2663 3.3965 3.3965 3.5139 3.5139 3.6134 3.6134 3.6919 3.6919 3.7487 3.7487 3.7846 3.7846 3.8012 3.8012 3.7992 3.7992 3.7790 3.7790 3.7408 3.7408 3.6859 3.6859 3.6157 3.6157 3.5315 3.5315 3.4339 3.4339 3.3229 3.3229 3.1991 3.1991 3.0636 3.0636 2.9183 2.9183 2.7655 2.7655 2.6074 2.6074 2.4462 2.4462 2.2835 2.2835 2.1202 2.1202 1.9563 1.9563 1.7913 1.7913 1.6243
2.1794 2.1794 2.2343 2.2343 2.3319 2.3319 2.4551 2.4551 2.5898 2.5898 2.7288 2.7288 2.8696 2.8696 3.0119 3.0119 3.1546 3.1546 3.2948 3.2948 3.4283 3.4283 3.5497 3.5497 3.6539 3.6539 3.7379 3.7379 3.8006 3.8006 3.8429 3.8429 3.8659 3.8659 3.8699 3.8699 3.8549 3.8549 3.8211 3.8211 3.7695 3.7695 3.7016 3.7016 3.6186 3.6186 3.5213 3.5213 3.4100 3.4100 3.2855 3.2855 3.1493 3.1493 3.0034 3.0034 2.8502 2.8502 2.6920 2.6920 2.5311 2.5311 2.3692 2.3692 2.2075 2.2075 2.0464 2.0464 1.8854 1.8854 1.7232
2.2098 2.2098 2.2626 2.2626 2.3568 2.3568 2.4764 2.4764 2.6085 2.6085 2.7458 2.7458 2.8861 2.8861 3.0287 3.0287 3.1723 3.1723 3.3142 3.3142 3.4502 3.4502 3.5754 3.5754 3.6848 3.6848 3.7749 3.7749 3.8442 3.8442 3.8931 3.8931 3.9221 3.9221 3.9314 3.9314 3.9207 3.9207 3.8903 3.8903 3.8412 3.8412 3.7753 3.7753 3.6939 3.6939 3.5981 3.5981 3.4884 3.4884 3.3659 3.3659 3.2321 3.2321 3.0889 3.0889 2.9386 2.9386 2.7835 2.7835 2.6258 2.6258 2.4672 2.4672 2.3088 2.3088 2.1511 2.1511 1.9935 1.9935 1.8351
2.2396 2.2396 2.2901 2.2901 2.3803 2.3803 2.4954 2.4954 2.6233 2.6233 2.7572 2.7572 2.8950 2.8950 3.0359 3.0359 3.1786 3.1786 3.3206 3.3206 3.4582 3.4582 3.5867 3.5867 3.7011 3.7011 3.7974 3.7974 3.8734 3.8734 3.9286 3.9286 3.9630 3.9630 3.9768 3.9768 3.9697 3.9697 3.9421 3.9421 3.8956 3.8956 3.8319 3.8319 3.7531 3.7531 3.6604 3.6604 3.5547 3.5547 3.4373 3.4373 3.3093 3.3093 3.1727 3.1727 3.0292 3.0292 2.8809 2.8809 2.7297 2.7297 2.5769 2.5769 2.4234 2.4234 2.2695 2.2695 2.1150 2.1150 1.9591
2.2660 2.2660 2.3138 2.3138 2.3996 2.3996 2.5094 2.5094 2.6319 2.6319 2.7608 2.7608 2.8942 2.8942 3.0314 3.0314 3.1714 3.1714 3.3121 3.3121 3.4500 3.4500 3.5808 3.5808 3.6995 3.6995 3.8014 3.8014 3.8834 3.8834 3.9438 3.9438 3.9827 3.9827 4.0000 4.0000 3.9961 3.9961 3.9717 3.9717 3.9284 3.9284 3.8684 3.8684 3.7938 3.7938 3.7063 3.7063 3.6072 3.6072 3.4978 3.4978 3.3792 3.3792 3.2528 3.2528 3.1200 3.1200 2.9823 2.9823 2.8406 2.8406 2.6960 2.6960 2.5488 2.5488 2.3993 2.3993 2.2475 2.2475 2.0934
2.2857 2.2857 2.3307 2.3307 2.4116 2.4116 2.5154 2.5154 2.6316 2.6316 2.7544 2.7544 2.8820 2.8820 3.0140 3.0140 3.1498 3.1498 3.2878 3.2878 3.4249 3.4249 3.5569 3.5569 3.6788 3.6788 3.7850 3.7850 3.8713 3.8713 3.9356 3.9356 3.9775 3.9775 3.9976 3.9976 3.9968 3.9968 3.9763 3.9763 3.9379 3.9379 3.8836 3.8836 3.8155 3.8155 3.7356 3.7356 3.6456 3.6456 3.5468 3.5468 3.4404 3.4404 3.3275 3.3275 3.2088 3.2088 3.0845 3.0845 2.9549 2.9549 2.8202 2.8202 2.6804 2.6804 2.5360 2.5360 2.3871 2.3871 2.2347
2.2961 2.2961 2.3380 2.3380 2.4135 2.4135 2.5109 2.5109 2.6203 2.6203 2.7365 2.7365 2.8576 2.8576 2.9837 2.9837 3.1143 3.1143 3.2485 3.2485 3.3836 3.3836 3.5156 3.5156 3.6388 3.6388 3.7474 3.7474 3.8362 3.8362 3.9026 3.9026 3.9464 3.9464 3.9687 3.9687 3.9713 3.9713 3.9558 3.9558 3.9239 3.9239 3.8775 3.8775 3.8185 3.8185 3.7488 3.7488 3.6703 3.6703 3.5844 3.5844 3.4925 3.4925 3.3953 3.3953 3.2925 3.2925 3.1835 3.1835 3.0674 3.0674 2.9436 2.9436 2.8122 2.8122 2.6735 2.6735 2.5283 2.5283 2.3779
2.2959 2.2959 2.3344 2.3344 2.4041 2.4041 2.4946 2.4946 2.5970 2.5970 2.7065 2.7065 2.8212 2.8212 2.9409 2.9409 3.0659 3.0659 3.1955 3.1955 3.3274 3.3274 3.4575 3.4575 3.5802 3.5802 3.6890 3.6890 3.7784 3.7784 3.8455 3.8455 3.8905 3.8905 3.9149 3.9149 3.9213 3.9213 3.9118 3.9118 3.8881 3.8881 3.8518 3.8518 3.8041 3.8041 3.7470 3.7470 3.6820 3.6820 3.6109 3.6109 3.5348 3.5348 3.4540 3.4540 3.3677 3.3677 3.2743 3.2743 3.1720 3.1720 3.0597 3.0597 2.9371 2.9371 2.8050 2.8050 2.6643 2.6643 2.5168
2.2849 2.2849 2.3198 2.3198 2.3834 2.3834 2.4668 2.4668 2.5622 2.5622 2.6650 2.6650 2.7732 2.7732 2.8867 2.8867 3.0057 3.0057 3.1299 3.1299 3.2573 3.2573 3.3839 3.3839 3.5040 3.5040 3.6110 3.6110 3.6995 3.6995 3.7666 3.7666 3.8125 3.8125 3.8395 3.8395 3.8503 3.8503 3.8477 3.8477 3.8333 3.8333 3.8084 3.8084 3.7739 3.7739 3.7311 3.7311 3.6813 3.6813 3.6259 3.6259 3.5660 3.5660 3.5015 3.5015 3.4310 3.4310 3.3522 3.3522 3.2629 3.2629 3.1617 3.1617 3.0483 3.0483 2.9232 2.9232 2.7880 2.7880 2.6446
2.2633 2.2633 2.2947 2.2947 2.3523 2.3523 2.4286 2.4286 2.5169 2.5169 2.6130 2.6130 2.7149 2.7149 2.8222 2.8222 2.9350 2.9350 3.0531 3.0531 3.1749 3.1749 3.2966 3.2966 3.4125 3.4125 3.5164 3.5164 3.6031 3.6031 3.6700 3.6700 3.7171 3.7171 3.7470 3.7470 3.7628 3.7628 3.7674 3.7674 3.7628 3.7628 3.7500 3.7500 3.7296 3.7296 3.7021 3.7021 3.6683 3.6683 3.6290 3.6290 3.5849 3.5849 3.5353 3.5353 3.4788 3.4788 3.4129 3.4129 3.3352 3.3352 3.2442 3.2442 3.1397 3.1397 3.0223 3.0223 2.8934 2.8934 2.7550
2.2309 2.2309 2.2592 2.2592 2.3113 2.3113 2.3809 2.3809 2.4623 2.4623 2.5518 2.5518 2.6475 2.6475 2.7486 2.7486 2.8552 2.8552 2.9671 2.9671 3.0828 3.0828 3.1986 3.1986 3.3096 3.3096 3.4098 3.4098 3.4944 3.4944 3.5610 3.5610 3.6095 3.6095 3.6425 3.6425 3.6633 3.6633 3.6750 3.6750 3.6800 3.6800 3.6792 3.6792 3.6728 3.6728 3.6608 3.6608 3.6430 3.6430 3.6195 3.6195 3.5899 3.5899 3.5536 3.5536 3.5087 3.5087 3.4533 3.4533 3.3854 3.3854 3.3036 3.3036 3.2076 3.2076 3.0980 3.0980 2.9762 2.9762 2.8438
2.1878 2.1878 2.2134 2.2134 2.2607 2.2607 2.3243 2.3243 2.3994 2.3994 2.4826 2.4826 2.5723 2.5723 2.6677 2.6677 2.7686 2.7686 2.8746 2.8746 2.9842 2.9842 3.0943 3.0943 3.2003 3.2003 3.2967 3.2967 3.3793 3.3793 3.4455 3.4455 3.4954 3.4954 3.5313 3.5313 3.5566 3.5566 3.5748 3.5748 3.5885 3.5885 3.5988 3.5988 3.6056 3.6056 3.6081 3.6081 3.6055 3.6055 3.5966 3.5966 3.5802 3.5802 3.5549 3.5549 3.5194 3.5194 3.4723 3.4723 3.4122 3.4122 3.3383 3.3383 3.2504 3.2504 3.1488 3.1488 3.0347 3.0347 2.9091
2.1344 2.1344 2.1578 2.1578 2.2012 2.2012 2.2597 2.2597 2.3291 2.3291 2.4068 2.4068 2.4912 2.4912 2.5816 2.5816 2.6776 2.6776 2.7786 2.7786 2.8831 2.8831 2.9881 2.9881 3.0896 3.0896 3.1827 3.1827 3.2633 3.2633 3.3291 3.3291 3.3799 3.3799 3.4181 3.4181 3.4472 3.4472 3.4708 3.4708 3.4918 3.4918 3.5115 3.5115 3.5298 3.5298 3.5453 3.5453 3.5563 3.5563 3.5604 3.5604 3.5553 3.5553 3.5392 3.5392 3.5112 3.5112 3.4705 3.4705 3.4169 3.4169 3.3499 3.3499 3.2693 3.2693 3.1756 3.1756 3.0694 3.0694 2.9514
2.1344 2.1344 2.1578 2.1578 2.2012 2.2012 2.2597 2.2597 2.3291 2.3291 2.4068 2.4068 2.4912 2.4912 2.5816 2.5816 2.6776 2.6776 2.7786 2.7786 2.8831 2.8831 2.9881 2.9881 3.0896 3.0896 3.1827 3.1827 3.2633 3.2633 3.3291 3.3291 3.3799 3.3799 3.4181 3.4181 3.4472 3.4472 3.4708 3.4708 3.4918 3.4918 3.5115 3.5115 3.5298 3.5298 3.5453 3.5453 3.5563 3.5563 3.5604 3.5604 3.5553 3.5553 3.5392 3.5392 3.5112 3.5112 3.4705 3.4705 3.4169 3.4169 3.3499 3.3499 3.2693 3.2693 3.1756 3.1756 3.0694 3.0694 2.9514
2.0715 2.0715 2.0933 2.0933 2.1336 2.1336 2.1881 2.1881 2.2529 2.2529 2.3260 2.3260 2.4061 2.4061 2.4925 2.4925 2.5848 2.5848 2.6820 2.6820 2.7825 2.7825 2.8836 2.8836 2.9815 2.9815 3.0719 3.0719 3.1508 3.1508 3.2159 3.2159 3.2673 3.2673 3.3071 3.3071 3.3389 3.3389 3.3666 3.3666 3.3931 3.3931 3.4201 3.4201 3.4475 3.4475 3.4738 3.4738 3.4962 3.4962 3.5113 3.5113 3.5158 3.5158 3.5075 3.5075 3.4857 3.4857 3.4506 3.4506 3.4024 3.4024 3.3413 3.3413 3.2675 3.2675 3.1812 3.1812 3.0827 3.0827 2.9722
2.0715 2.0715 2.0933 2.0933 2.1336 2.1336 2.1881 2.1881 2.2529 2.2529 2.3260 2.3260 2.4061 2.4061 2.4925 2.4925 2.5848 2.5848 2.6820 2.6820 2.7825 2.7825 2.8836 2.8836 2.9815 2.9815 3.0719 3.0719 3.1508 3.1508 3.2159 3.2159 3.2673 3.2673 3.3071 3.3071 3.3389 3.3389 3.3666 3.3666 3.3931 3.3931 3.4201 3.4201 3.4475 3.4475 3.4738 3.4738 3.4962 3.4962 3.5113 3.5113 3.5158 3.5158 3.5075 3.5075 3.4857 3.4857 3.4506 3.4506 3.4024 3.4024 3.3413 3.3413 3.2675 3.2675 3.1812 3.1812 3.0827 3.0827 2.9722
2.0009 2.0009 2.0215 2.0215 2.0597 2.0597 2.1112 2.1112 2.1727 2.1727 2.2423 2.2423 2.3192 2.3192 2.4028 2.4028 2.4924 2.4924 2.5868 2.5868 2.6845 2.6845 2.7828 2.7828 2.8781 2.8781 2.9664 2.9664 3.0440 3.0440 3.1085 3.1085 3.1601 3.1601 3.2009 3.2009 3.2346 3.2346 3.2649 3.2649 3.2951 3.2951 3.3271 3.3271 3.3610 3.3610 3.3952 3.3952 3.4264 3.4264 3.4503 3.4503 3.4630 3.4630 3.4617 3.4617 3.4458 3.4458 3.4159 3.4159 3.3727 3.3727 3.3170 3.3170 3.2489 3.2489 3.1690 3.1690 3.0773 3.0773 2.9737
2.0009 2.0009 2.0215 2.0215 2.0597 2.0597 2.1112 2.1112 2.1727 2.1727 2.2423 2.2423 2.3192 2.3192 2.4028 2.4028 2.4924 2.4924 2.5868 2.5868 2.6845 2.6845 2.7828 2.7828 2.8781 2.8781 2.9664 2.9664 3.0440 3.0440 3.1085 3.1085 3.1601 3.1601 3.2009 3.2009 3.2346 3.2346 3.2649 3.2649 3.2951 3.2951 3.3271 3.3271 3.3610 3.3610 3.3952 3.3952 3.4264 3.4264 3.4503 3.4503 3.4630 3.4630 3.4617 3.4617 3.4458 3.4458 3.4159 3.4159 3.3727 3.3727 3.3170 3.3170 3.2489 3.2489 3.1690 3.1690 3.0773 3.0773 2.9737
1.9249 1.9249 1.9449 1.9449 1.9817 1.9817 2.0315 2.0315 2.0909 2.0909 2.1584 2.1584 2.2332 2.2332 2.3148 2.3148 2.4025 2.4025 2.4949 2.4949 2.5905 2.5905 2.6867 2.6867 2.7803 2.7803 2.8672 2.8672 2.9438 2.9438 3.0078 3.0078 3.0595 3.0595 3.1009 3.1009 3.1356 3.1356 3.1673 3.1673 3.1996 3.1996 3.2345 3.2345 3.2724 3.2724 3.3117 3.3117 3.3489 3.3489 3.3795 3.3795 3.3990 3.3990 3.4043 3.4043 3.3945 3.3945 3.3700 3.3700 3.3318 3.3318 3.2807 3.2807 3.2173 3.2173 3.1423 3.1423 3.0561 3.0561 2.9582
1.9249 1.9249 1.9449 1.9449 1.9817 1.9817 2.0315 2.0315 2.0909 2.0909 2.1584 2.1584 2.2332 2.2332 2.3148 2.3148 2.4025 2.4025 2.4949 2.4949 2.5905 2.5905 2.6867 2.6867 2.7803 2.7803 2.8672 2.8672 2.9438 2.9438 3.0078 3.0078 3.0595 3.0595 3.1009 3.1009 3.1356 3.1356 3.1673 3.1673 3.1996 3.1996 3.2345 3.2345 3.2724 3.2724 3.3117 3.3117 3.3489 3.3489 3.3795 3.3795 3.3990 3.3990 3.4043 3.4043 3.3945 3.3945 3.3700 3.3700 3.3318 3.3318 3.2807 3.2807 3.2173 3.2173 3.1423 3.1423 3.0561 3.0561 2.9582
1.8470 1.8470 1.8667 1.8667 1.9032 1.9032 1.9523 1.9523 2.0110 2.0110 2.0775 2.0775 2.1512 2.1512 2.2314 2.2314 2.3175 2.3175 2.4081 2.4081 2.5018 2.5018 2.5963 2.5963 2.6884 2.6884 2.7742 2.7742 2.8501 2.8501 2.9139 2.9139 2.9657 2.9657 3.0075 3.0075 3.0427 3.0427 3.0751 3.0751 3.1080 3.1080 3.1441 3.1441 3.1838 3.1838 3.2257 3.2257 3.2665 3.2665 3.3017 3.3017 3.3268 3.3268 3.3383 3.3383 3.3347 3.3347 3.3159 3.3159 3.2825 3.2825 3.2354 3.2354 3.1756 3.1756 3.1040 3.1040 3.0215 3.0215 2.9279
1.8470 1.8470 1.8667 1.8667 1.9032 1.9032 1.9523 1.9523 2.0110 2.0110 2.0775 2.0775 2.1512 2.1512 2.2314 2.2314 2.3175 2.3175 2.4081 2.4081 2.5018 2.5018 2.5963 2.5963 2.6884 2.6884 2.7742 2.7742 2.8501 2.8501 2.9139 2.9139 2.9657 2.9657 3.0075 3.0075 3.0427 3.0427 3.0751 3.0751 3.1080 3.1080 3.1441 3.1441 3.1838 3.1838 3.2257 3.2257 3.2665 3.2665 3.3017 3.3017 3.3268 3.3268 3.3383 3.3383 3.3347 3.3347 3.3159 3.3159 3.2825 3.2825 3.2354 3.2354 3.1756 3.1756 3.1040 3.1040 3.0215 3.0215 2.9279
