Plotting_Scripts/Figure6/alpha_3.grd
DSAA
128	 60
-6350.0000	  6350.0000
   50.0000	  5950.0000
    0.0000	     3.5314
[rows 0 to 31 of 60, columns 0 to 70 of 128]
2.1388 2.1388 2.1801 2.1801 2.2486 2.2486 2.3224 2.3224 2.3794 2.3794 2.4036 2.4036 2.3886 2.3886 2.3386 2.3386 2.2663 2.2663 2.1869 2.1869 2.1141 2.1141 2.0593 2.0593 2.0313 2.0313 2.0356 2.0356 2.0724 2.0724 2.1348 2.1348 2.2114 2.2114 2.2895 2.2895 2.3598 2.3598 2.4181 2.4181 2.4643 2.4643 2.5008 2.5008 2.5305 2.5305 2.5560 2.5560 2.5777 2.5777 2.5955 2.5955 2.6097 2.6097 2.6215 2.6215 2.6320 2.6320 2.6400 2.6400 2.6429 2.6429 2.6384 2.6384 2.6249 2.6249 2.6005 2.6005 2.5605 2.5605 2.4975
2.0264 2.0264 2.0657 2.0657 2.1309 2.1309 2.2013 2.2013 2.2557 2.2557 2.2789 2.2789 2.2651 2.2651 2.2192 2.2192 2.1537 2.1537 2.0835 2.0835 2.0218 2.0218 1.9797 1.9797 1.9656 1.9656 1.9850 1.9850 2.0379 2.0379 2.1182 2.1182 2.2141 2.2141 2.3123 2.3123 2.4017 2.4017 2.4765 2.4765 2.5365 2.5365 2.5851 2.5851 2.6258 2.6258 2.6611 2.6611 2.6914 2.6914 2.7166 2.7166 2.7372 2.7372 2.7543 2.7543 2.7679 2.7679 2.7757 2.7757 2.7754 2.7754 2.7664 2.7664 2.7495 2.7495 2.7238 2.7238 2.6844 2.6844 2.6222
1.8616 1.8616 1.8969 1.8969 1.9551 1.9551 2.0169 2.0169 2.0644 2.0644 2.0854 2.0854 2.0765 2.0765 2.0428 2.0428 1.9955 1.9955 1.9479 1.9479 1.9120 1.9120 1.8971 1.8971 1.9102 1.9102 1.9552 1.9552 2.0318 2.0318 2.1342 2.1342 2.2514 2.2514 2.3705 2.3705 2.4806 2.4806 2.5762 2.5762 2.6579 2.6579 2.7290 2.7290 2.7918 2.7918 2.8459 2.8459 2.8895 2.8895 2.9217 2.9217 2.9436 2.9436 2.9573 2.9573 2.9636 2.9636 2.9616 2.9616 2.9502 2.9502 2.9309 2.9309 2.9057 2.9057 2.8737 2.8737 2.8290 2.8290 2.7624
1.7934 1.7934 1.8269 1.8269 1.8815 1.8815 1.9388 1.9388 1.9820 1.9820 2.0014 2.0014 1.9951 1.9951 1.9685 1.9685 1.9325 1.9325 1.8995 1.8995 1.8805 1.8805 1.8836 1.8836 1.9137 1.9137 1.9728 1.9728 2.0596 2.0596 2.1683 2.1683 2.2891 2.2891 2.4104 2.4104 2.5231 2.5231 2.6237 2.6237 2.7137 2.7137 2.7957 2.7957 2.8702 2.8702 2.9342 2.9342 2.9839 2.9839 3.0171 3.0171 3.0348 3.0348 3.0403 3.0403 3.0360 3.0360 3.0234 3.0234 3.0031 3.0031 2.9770 2.9770 2.9464 2.9464 2.9091 2.9091 2.8585 2.8585 2.7862
1.7069 1.7069 1.7391 1.7391 1.7908 1.7908 1.8438 1.8438 1.8829 1.8829 1.9009 1.9009 1.8990 1.8990 1.8845 1.8845 1.8689 1.8689 1.8641 1.8641 1.8795 1.8795 1.9196 1.9196 1.9839 1.9839 2.0690 2.0690 2.1698 2.1698 2.2800 2.2800 2.3923 2.3923 2.4997 2.4997 2.5989 2.5989 2.6917 2.6917 2.7822 2.7822 2.8724 2.8724 2.9590 2.9590 3.0343 3.0343 3.0895 3.0895 3.1192 3.1192 3.1232 3.1232 3.1065 3.1065 3.0767 3.0767 3.0407 3.0407 3.0032 3.0032 2.9658 2.9658 2.9260 2.9260 2.8775 2.8775 2.8126 2.8126 2.7252
1.6689 1.6689 1.7033 1.7033 1.7590 1.7590 1.8175 1.8175 1.8643 1.8643 1.8931 1.8931 1.9059 1.9059 1.9104 1.9104 1.9172 1.9172 1.9373 1.9373 1.9786 1.9786 2.0435 2.0435 2.1286 2.1286 2.2261 2.2261 2.3274 2.3274 2.4249 2.4249 2.5131 2.5131 2.5901 2.5901 2.6581 2.6581 2.7231 2.7231 2.7913 2.7913 2.8651 2.8651 2.9398 2.9398 3.0055 3.0055 3.0512 3.0512 3.0692 3.0692 3.0590 3.0590 3.0266 3.0266 2.9818 2.9818 2.9340 2.9340 2.8889 2.8889 2.8464 2.8464 2.8014 2.8014 2.7452 2.7452 2.6694 2.6694 2.5700
1.6530 1.6530 1.6893 1.6893 1.7489 1.7489 1.8140 1.8140 1.8706 1.8706 1.9128 1.9128 1.9417 1.9417 1.9633 1.9633 1.9861 1.9861 2.0194 2.0194 2.0704 2.0704 2.1417 2.1417 2.2297 2.2297 2.3262 2.3262 2.4212 2.4212 2.5067 2.5067 2.5780 2.5780 2.6354 2.6354 2.6835 2.6835 2.7299 2.7299 2.7815 2.7815 2.8403 2.8403 2.9017 2.9017 2.9561 2.9561 2.9923 2.9923 3.0032 3.0032 2.9882 2.9882 2.9530 2.9530 2.9064 2.9064 2.8572 2.8572 2.8101 2.8101 2.7654 2.7654 2.7178 2.7178 2.6588 2.6588 2.5803 2.5803 2.4781
1.6301 1.6301 1.6685 1.6685 1.7329 1.7329 1.8067 1.8067 1.8770 1.8770 1.9381 1.9381 1.9891 1.9891 2.0331 2.0331 2.0754 2.0754 2.1233 2.1233 2.1831 2.1831 2.2580 2.2580 2.3449 2.3449 2.4360 2.4360 2.5211 2.5211 2.5917 2.5917 2.6440 2.6440 2.6798 2.6798 2.7064 2.7064 2.7327 2.7327 2.7659 2.7659 2.8079 2.8079 2.8542 2.8542 2.8953 2.8953 2.9214 2.9214 2.9261 2.9261 2.9089 2.9089 2.8740 2.8740 2.8284 2.8284 2.7790 2.7790 2.7301 2.7301 2.6822 2.6822 2.6312 2.6312 2.5697 2.5697 2.4896 2.4896 2.3861
1.5959 1.5959 1.6364 1.6364 1.7061 1.7061 1.7903 1.7903 1.8774 1.8774 1.9610 1.9610 2.0382 2.0382 2.1080 2.1080 2.1723 2.1723 2.2358 2.2358 2.3040 2.3040 2.3805 2.3805 2.4635 2.4635 2.5464 2.5464 2.6193 2.6193 2.6737 2.6737 2.7064 2.7064 2.7207 2.7207 2.7257 2.7257 2.7320 2.7320 2.7471 2.7471 2.7726 2.7726 2.8036 2.8036 2.8317 2.8317 2.8483 2.8483 2.8481 2.8481 2.8305 2.8305 2.7979 2.7979 2.7549 2.7549 2.7060 2.7060 2.6551 2.6551 2.6034 2.6034 2.5484 2.5484 2.4837 2.4837 2.4016 2.4016 2.2969
1.5500 1.5500 1.5923 1.5923 1.6677 1.6677 1.7633 1.7633 1.8686 1.8686 1.9765 1.9765 2.0809 2.0809 2.1774 2.1774 2.2644 2.2644 2.3437 2.3437 2.4199 2.4199 2.4967 2.4967 2.5741 2.5741 2.6470 2.6470 2.7070 2.7070 2.7461 2.7461 2.7611 2.7611 2.7563 2.7563 2.7422 2.7422 2.7304 2.7304 2.7291 2.7291 2.7394 2.7394 2.7565 2.7565 2.7726 2.7726 2.7804 2.7804 2.7758 2.7758 2.7579 2.7579 2.7275 2.7275 2.6867 2.6867 2.6383 2.6383 2.5854 2.5854 2.5296 2.5296 2.4695 2.4695 2.4001 2.4001 2.3144 2.3144 2.2070
1.4963 1.4963 1.5406 1.5406 1.6217 1.6217 1.7290 1.7290 1.8527 1.8527 1.9838 1.9838 2.1140 2.1140 2.2356 2.2356 2.3439 2.3439 2.4384 2.4384 2.5221 2.5221 2.5988 2.5988 2.6698 2.6698 2.7326 2.7326 2.7805 2.7805 2.8064 2.8064 2.8074 2.8074 2.7880 2.7880 2.7590 2.7590 2.7327 2.7327 2.7173 2.7173 2.7141 2.7141 2.7184 2.7184 2.7232 2.7232 2.7223 2.7223 2.7125 2.7125 2.6926 2.6926 2.6622 2.6622 2.6215 2.6215 2.5721 2.5721 2.5162 2.5162 2.4554 2.4554 2.3888 2.3888 2.3125 2.3125 2.2207 2.2207 2.1088
1.4428 1.4428 1.4893 1.4893 1.5765 1.5765 1.6952 1.6952 1.8357 1.8357 1.9875 1.9875 2.1397 2.1397 2.2826 2.2826 2.4094 2.4094 2.5177 2.5177 2.6085 2.6085 2.6853 2.6853 2.7507 2.7507 2.8043 2.8043 2.8419 2.8419 2.8576 2.8576 2.8488 2.8488 2.8195 2.8195 2.7802 2.7802 2.7429 2.7429 2.7158 2.7158 2.7005 2.7005 2.6927 2.6927 2.6864 2.6864 2.6764 2.6764 2.6597 2.6597 2.6349 2.6349 2.6009 2.6009 2.5570 2.5570 2.5037 2.5037 2.4426 2.4426 2.3748 2.3748 2.2995 2.2995 2.2138 2.2138 2.1136 2.1136 1.9955
1.3981 1.3981 1.4473 1.4473 1.5408 1.5408 1.6703 1.6703 1.8252 1.8252 1.9933 1.9933 2.1625 2.1625 2.3218 2.3218 2.4636 2.4636 2.5836 2.5836 2.6816 2.6816 2.7596 2.7596 2.8210 2.8210 2.8673 2.8673 2.8964 2.8964 2.9043 2.9043 2.8885 2.8885 2.8527 2.8527 2.8064 2.8064 2.7609 2.7609 2.7242 2.7242 2.6980 2.6980 2.6790 2.6790 2.6618 2.6618 2.6421 2.6421 2.6169 2.6169 2.5846 2.5846 2.5435 2.5435 2.4927 2.4927 2.4322 2.4322 2.3629 2.3629 2.2854 2.2854 2.1989 2.1989 2.1017 2.1017 1.9914 1.9914 1.8664
1.3669 1.3669 1.4194 1.4194 1.5197 1.5197 1.6589 1.6589 1.8250 1.8250 2.0047 2.0047 2.1851 2.1851 2.3557 2.3557 2.5086 2.5086 2.6387 2.6387 2.7437 2.7437 2.8246 2.8246 2.8843 2.8843 2.9252 2.9252 2.9473 2.9473 2.9481 2.9481 2.9262 2.9262 2.8849 2.8849 2.8329 2.8329 2.7810 2.7810 2.7366 2.7366 2.7016 2.7016 2.6730 2.6730 2.6461 2.6461 2.6167 2.6167 2.5822 2.5822 2.5406 2.5406 2.4900 2.4900 2.4296 2.4296 2.3593 2.3593 2.2793 2.2793 2.1899 2.1899 2.0906 2.0906 1.9807 1.9807 1.8594 1.8594 1.7269
1.3488 1.3488 1.4051 1.4051 1.5120 1.5120 1.6591 1.6591 1.8327 1.8327 2.0189 2.0189 2.2053 2.2053 2.3825 2.3825 2.5433 2.5433 2.6818 2.6818 2.7941 2.7941 2.8794 2.8794 2.9394 2.9394 2.9767 2.9767 2.9924 2.9924 2.9859 2.9859 2.9569 2.9569 2.9093 2.9093 2.8517 2.8517 2.7944 2.7944 2.7444 2.7444 2.7034 2.7034 2.6682 2.6682 2.6339 2.6339 2.5962 2.5962 2.5525 2.5525 2.5009 2.5009 2.4400 2.4400 2.3690 2.3690 2.2877 2.2877 2.1962 2.1962 2.0945 2.0945 1.9822 1.9822 1.8593 1.8593 1.7263 1.7263 1.5849
1.3400 1.3400 1.3997 1.3997 1.5119 1.5119 1.6640 1.6640 1.8409 1.8409 2.0288 2.0288 2.2168 2.2168 2.3973 2.3973 2.5635 2.5635 2.7091 2.7091 2.8286 2.8286 2.9192 2.9192 2.9811 2.9811 3.0163 3.0163 3.0264 3.0264 3.0121 3.0121 2.9751 2.9751 2.9203 2.9203 2.8568 2.8568 2.7948 2.7948 2.7411 2.7411 2.6970 2.6970 2.6585 2.6585 2.6197 2.6197 2.5758 2.5758 2.5240 2.5240 2.4631 2.4631 2.3923 2.3923 2.3113 2.3113 2.2198 2.2198 2.1180 2.1180 2.0053 2.0053 1.8810 1.8810 1.7453 1.7453 1.5998 1.5998 1.4478
1.3389 1.3389 1.4002 1.4002 1.5143 1.5143 1.6670 1.6670 1.8426 1.8426 2.0282 2.0282 2.2147 2.2147 2.3960 2.3960 2.5659 2.5659 2.7172 2.7172 2.8431 2.8431 2.9391 2.9391 3.0038 3.0038 3.0381 3.0381 3.0439 3.0439 3.0229 3.0229 2.9783 2.9783 2.9166 2.9166 2.8475 2.8475 2.7813 2.7813 2.7249 2.7249 2.6792 2.6792 2.6395 2.6395 2.5987 2.5987 2.5507 2.5507 2.4924 2.4924 2.4236 2.4236 2.3444 2.3444 2.2553 2.2553 2.1560 2.1560 2.0461 2.0461 1.9245 1.9245 1.7899 1.7899 1.6421 1.6421 1.4835 1.4835 1.3196
1.3485 1.3485 1.4084 1.4084 1.5194 1.5194 1.6673 1.6673 1.8371 1.8371 2.0172 2.0172 2.2001 2.2001 2.3804 2.3804 2.5519 2.5519 2.7068 2.7068 2.8371 2.8371 2.9371 2.9371 3.0046 3.0046 3.0394 3.0394 3.0430 3.0430 3.0177 3.0177 2.9678 2.9678 2.9010 2.9010 2.8275 2.8275 2.7574 2.7574 2.6978 2.6978 2.6498 2.6498 2.6086 2.6086 2.5662 2.5662 2.5153 2.5153 2.4522 2.4522 2.3772 2.3772 2.2918 2.2918 2.1968 2.1968 2.0922 2.0922 1.9768 1.9768 1.8487 1.8487 1.7057 1.7057 1.5472 1.5472 1.3763 1.3763 1.2007
1.3753 1.3753 1.4305 1.4305 1.5333 1.5333 1.6713 1.6713 1.8315 1.8315 2.0039 2.0039 2.1815 2.1815 2.3588 2.3588 2.5290 2.5290 2.6836 2.6836 2.8145 2.8145 2.9159 2.9159 2.9850 2.9850 3.0210 3.0210 3.0247 3.0247 2.9984 2.9984 2.9468 2.9468 2.8779 2.8779 2.8015 2.8015 2.7275 2.7275 2.6628 2.6628 2.6097 2.6097 2.5642 2.5642 2.5183 2.5183 2.4639 2.4639 2.3968 2.3968 2.3173 2.3173 2.2274 2.2274 2.1286 2.1286 2.0207 2.0207 1.9020 1.9020 1.7696 1.7696 1.6204 1.6204 1.4536 1.4536 1.2734 1.2734 1.0892
1.4248 1.4248 1.4731 1.4731 1.5643 1.5643 1.6891 1.6891 1.8375 1.8375 2.0008 2.0008 2.1717 2.1717 2.3432 2.3432 2.5076 2.5076 2.6566 2.6566 2.7828 2.7828 2.8814 2.8814 2.9498 2.9498 2.9867 2.9867 2.9922 2.9922 2.9678 2.9678 2.9180 2.9180 2.8499 2.8499 2.7724 2.7724 2.6940 2.6940 2.6219 2.6219 2.5596 2.5596 2.5053 2.5053 2.4524 2.4524 2.3926 2.3926 2.3211 2.3211 2.2378 2.2378 2.1446 2.1446 2.0433 2.0433 1.9335 1.9335 1.8130 1.8130 1.6783 1.6783 1.5257 1.5257 1.3545 1.3545 1.1696 1.1696 0.9820
1.4976 1.4976 1.5387 1.5387 1.6177 1.6177 1.7288 1.7288 1.8650 1.8650 2.0186 2.0186 2.1811 2.1811 2.3436 2.3436 2.4973 2.4973 2.6347 2.6347 2.7502 2.7502 2.8409 2.8409 2.9050 2.9050 2.9414 2.9414 2.9490 2.9490 2.9285 2.9285 2.8828 2.8828 2.8177 2.8177 2.7399 2.7399 2.6566 2.6566 2.5748 2.5748 2.4999 2.4999 2.4327 2.4327 2.3688 2.3688 2.3009 2.3009 2.2238 2.2238 2.1365 2.1365 2.0405 2.0405 1.9372 1.9372 1.8263 1.8263 1.7055 1.7055 1.5708 1.5708 1.4182 1.4182 1.2469 1.2469 1.0627 1.0627 0.8777
1.5890 1.5890 1.6241 1.6241 1.6929 1.6929 1.7923 1.7923 1.9175 1.9175 2.0614 2.0614 2.2140 2.2140 2.3644 2.3644 2.5030 2.5030 2.6233 2.6233 2.7225 2.7225 2.8001 2.8001 2.8562 2.8562 2.8895 2.8895 2.8982 2.8982 2.8816 2.8816 2.8408 2.8408 2.7791 2.7791 2.7011 2.7011 2.6124 2.6124 2.5198 2.5198 2.4305 2.4305 2.3481 2.3481 2.2706 2.2706 2.1923 2.1923 2.1079 2.1079 2.0157 2.0157 1.9167 1.9167 1.8121 1.8121 1.7015 1.7015 1.5823 1.5823 1.4501 1.4501 1.3005 1.3005 1.1332 1.1332 0.9545 0.9545 0.7773
1.6920 1.6920 1.7231 1.7231 1.7849 1.7849 1.8757 1.8757 1.9919 1.9919 2.1262 2.1262 2.2675 2.2675 2.4033 2.4033 2.5235 2.5235 2.6230 2.6230 2.7020 2.7020 2.7627 2.7627 2.8070 2.8070 2.8341 2.8341 2.8415 2.8415 2.8270 2.8270 2.7897 2.7897 2.7303 2.7303 2.6511 2.6511 2.5566 2.5566 2.4537 2.4537 2.3505 2.3505 2.2528 2.2528 2.1611 2.1611 2.0712 2.0712 1.9783 1.9783 1.8807 1.8807 1.7791 1.7791 1.6744 1.6744 1.5660 1.5660 1.4507 1.4507 1.3234 1.3234 1.1796 1.1796 1.0195 1.0195 0.8499 0.8499 0.6841
1.7994 1.7994 1.8285 1.8285 1.8864 1.8864 1.9714 1.9714 2.0801 2.0801 2.2047 2.2047 2.3335 2.3335 2.4530 2.4530 2.5533 2.5533 2.6307 2.6307 2.6878 2.6878 2.7295 2.7295 2.7592 2.7592 2.7771 2.7771 2.7800 2.7800 2.7644 2.7644 2.7273 2.7273 2.6673 2.6673 2.5851 2.5851 2.4844 2.4844 2.3721 2.3721 2.2571 2.2571 2.1463 2.1463 2.0417 2.0417 1.9407 1.9407 1.8398 1.8398 1.7376 1.7376 1.6348 1.6348 1.5323 1.5323 1.4286 1.4286 1.3195 1.3195 1.1991 1.1991 1.0631 1.0631 0.9123 0.9123 0.7544 0.7544 0.6026
1.9038 1.9038 1.9322 1.9322 1.9879 1.9879 2.0688 2.0688 2.1707 2.1707 2.2854 2.2854 2.4009 2.4009 2.5040 2.5040 2.5851 2.5851 2.6415 2.6415 2.6774 2.6774 2.6998 2.6998 2.7137 2.7137 2.7199 2.7199 2.7153 2.7153 2.6950 2.6950 2.6541 2.6541 2.5897 2.5897 2.5017 2.5017 2.3938 2.3938 2.2731 2.2731 2.1485 2.1485 2.0275 2.0275 1.9129 1.9129 1.8036 1.8036 1.6971 1.6971 1.5929 1.5929 1.4918 1.4918 1.3943 1.3943 1.2976 1.2976 1.1962 1.1962 1.0839 1.0839 0.9568 0.9568 0.8172 0.8172 0.6732 0.6732 0.5372
1.9969 1.9969 2.0248 2.0248 2.0790 2.0790 2.1562 2.1562 2.2514 2.2514 2.3563 2.3563 2.4591 2.4591 2.5475 2.5475 2.6121 2.6121 2.6509 2.6509 2.6684 2.6684 2.6730 2.6730 2.6713 2.6713 2.6649 2.6649 2.6508 2.6508 2.6229 2.6229 2.5748 2.5748 2.5026 2.5026 2.4061 2.4061 2.2896 2.2896 2.1605 2.1605 2.0279 2.0279 1.8993 1.8993 1.7783 1.7783 1.6646 1.6646 1.5565 1.5565 1.4539 1.4539 1.3577 1.3577 1.2673 1.2673 1.1787 1.1787 1.0855 1.0855 0.9815 0.9815 0.8645 0.8645 0.7377 0.7377 0.6097 0.6097 0.4912
2.0707 2.0707 2.0981 2.0981 2.1507 2.1507 2.2243 2.2243 2.3130 2.3130 2.4087 2.4087 2.5009 2.5009 2.5778 2.5778 2.6306 2.6306 2.6565 2.6565 2.6600 2.6600 2.6499 2.6499 2.6341 2.6341 2.6156 2.6156 2.5914 2.5914 2.5545 2.5545 2.4973 2.4973 2.4154 2.4154 2.3089 2.3089 2.1828 2.1828 2.0453 2.0453 1.9056 1.9056 1.7715 1.7715 1.6471 1.6471 1.5325 1.5325 1.4265 1.4265 1.3285 1.3285 1.2388 1.2388 1.1560 1.1560 1.0750 1.0750 0.9892 0.9892 0.8933 0.8933 0.7870 0.7870 0.6747 0.6747 0.5642 0.5642 0.4638
2.1218 2.1218 2.1489 2.1489 2.2000 2.2000 2.2701 2.2701 2.3530 2.3530 2.4412 2.4412 2.5254 2.5254 2.5951 2.5951 2.6411 2.6411 2.6597 2.6597 2.6542 2.6542 2.6334 2.6334 2.6060 2.6060 2.5764 2.5764 2.5420 2.5420 2.4957 2.4957 2.4292 2.4292 2.3376 2.3376 2.2217 2.2217 2.0868 2.0868 1.9417 1.9417 1.7959 1.7959 1.6579 1.6579 1.5320 1.5320 1.4187 1.4187 1.3163 1.3163 1.2235 1.2235 1.1398 1.1398 1.0628 1.0628 0.9873 0.9873 0.9071 0.9071 0.8185 0.8185 0.7230 0.7230 0.6257 0.6257 0.5328 0.5328 0.4499
2.1545 2.1545 2.1815 2.1815 2.2316 2.2316 2.2990 2.2990 2.3772 2.3772 2.4597 2.4597 2.5388 2.5388 2.6050 2.6050 2.6490 2.6490 2.6653 2.6653 2.6557 2.6557 2.6280 2.6280 2.5916 2.5916 2.5516 2.5516 2.5069 2.5069 2.4507 2.4507 2.3752 2.3752 2.2758 2.2758 2.1530 2.1530 2.0121 2.0121 1.8618 1.8618 1.7121 1.7121 1.5716 1.5716 1.4452 1.4452 1.3331 1.3331 1.2332 1.2332 1.1436 1.1436 1.0627 1.0627 0.9882 0.9882 0.9150 0.9150 0.8382 0.8382 0.7558 0.7558 0.6704 0.6704 0.5871 0.5871 0.5102 0.5102 0.4424
2.1545 2.1545 2.1815 2.1815 2.2316 2.2316 2.2990 2.2990 2.3772 2.3772 2.4597 2.4597 2.5388 2.5388 2.6050 2.6050 2.6490 2.6490 2.6653 2.6653 2.6557 2.6557 2.6280 2.6280 2.5916 2.5916 2.5516 2.5516 2.5069 2.5069 2.4507 2.4507 2.3752 2.3752 2.2758 2.2758 2.1530 2.1530 2.0121 2.0121 1.8618 1.8618 1.7121 1.7121 1.5716 1.5716 1.4452 1.4452 1.3331 1.3331 1.2332 1.2332 1.1436 1.1436 1.0627 1.0627 0.9882 0.9882 0.9150 0.9150 0.8382 0.8382 0.7558 0.7558 0.6704 0.6704 0.5871 0.5871 0.5102 0.5102 0.4424
2.1797 2.1797 2.2068 2.2068 2.2566 2.2566 2.3222 2.3222 2.3970 2.3970 2.4754 2.4754 2.5514 2.5514 2.6168 2.6168 2.6619 2.6619 2.6798 2.6798 2.6699 2.6699 2.6387 2.6387 2.5951 2.5951 2.5451 2.5451 2.4889 2.4889 2.4221 2.4221 2.3384 2.3384 2.2335 2.2335 2.1074 2.1074 1.9645 1.9645 1.8127 1.8127 1.6617 1.6617 1.5202 1.5202 1.3932 1.3932 1.2808 1.2808 1.1805 1.1805 1.0900 1.0900 1.0078 1.0078 0.9317 0.9317 0.8577 0.8577 0.7821 0.7821 0.7044 0.7044 0.6276 0.6276 0.5560 0.5560 0.4921 0.4921 0.4363
2.1797 2.1797 2.2068 2.2068 2.2566 2.2566 2.3222 2.3222 2.3970 2.3970 2.4754 2.4754 2.5514 2.5514 2.6168 2.6168 2.6619 2.6619 2.6798 2.6798 2.6699 2.6699 2.6387 2.6387 2.5951 2.5951 2.5451 2.5451 2.4889 2.4889 2.4221 2.4221 2.3384 2.3384 2.2335 2.2335 2.1074 2.1074 1.9645 1.9645 1.8127 1.8127 1.6617 1.6617 1.5202 1.5202 1.3932 1.3932 1.2808 1.2808 1.1805 1.1805 1.0900 1.0900 1.0078 1.0078 0.9317 0.9317 0.8577 0.8577 0.7821 0.7821 0.7044 0.7044 0.6276 0.6276 0.5560 0.5560 0.4921 0.4921 0.4363
