Plotting_Scripts/Figure11/model_1.grd
DSAA
128	 60
-6350.0000	  6350.0000
   50.0000	  5950.0000
    0.0000	     4.0000
[rows 0 to 31 of 60, columns 0 to 70 of 128]
0.8193 0.8193 0.8478 0.8478 0.8836 0.8836 0.9000 0.9000 0.8816 0.8816 0.8310 0.8310 0.7641 0.7641 0.7007 0.7007 0.6552 0.6552 0.6309 0.6309 0.6188 0.6188 0.6032 0.6032 0.5691 0.5691 0.5091 0.5091 0.4292 0.4292 0.3473 0.3473 0.2856 0.2856 0.2595 0.2595 0.2724 0.2724 0.3180 0.3180 0.3871 0.3871 0.4731 0.4731 0.5736 0.5736 0.6876 0.6876 0.8114 0.8114 0.9361 0.9361 1.0494 1.0494 1.1395 1.1395 1.2001 1.2001 1.2326 1.2326 1.2453 1.2453 1.2488 1.2488 1.2523 1.2523 1.2606 1.2606 1.2746 1.2746 1.2956
1.1621 1.1621 1.1882 1.1882 1.2269 1.2269 1.2581 1.2581 1.2649 1.2649 1.2406 1.2406 1.1912 1.1912 1.1299 1.1299 1.0698 1.0698 1.0178 1.0178 0.9721 0.9721 0.9264 0.9264 0.8761 0.8761 0.8217 0.8217 0.7669 0.7669 0.7141 0.7141 0.6637 0.6637 0.6156 0.6156 0.5711 0.5711 0.5321 0.5321 0.5015 0.5015 0.4826 0.4826 0.4788 0.4788 0.4912 0.4912 0.5165 0.5165 0.5479 0.5479 0.5782 0.5782 0.6033 0.6033 0.6225 0.6225 0.6372 0.6372 0.6491 0.6491 0.6607 0.6607 0.6748 0.6748 0.6937 0.6937 0.7188 0.7188 0.7536
1.3462 1.3462 1.3766 1.3766 1.4228 1.4228 1.4617 1.4617 1.4719 1.4719 1.4421 1.4421 1.3754 1.3754 1.2866 1.2866 1.1951 1.1951 1.1161 1.1161 1.0560 1.0560 1.0137 1.0137 0.9853 0.9853 0.9661 0.9661 0.9504 0.9504 0.9308 0.9308 0.8994 0.8994 0.8525 0.8525 0.7930 0.7930 0.7286 0.7286 0.6668 0.6668 0.6121 0.6121 0.5657 0.5657 0.5281 0.5281 0.4998 0.4998 0.4818 0.4818 0.4745 0.4745 0.4785 0.4785 0.4940 0.4940 0.5203 0.5203 0.5545 0.5545 0.5928 0.5928 0.6310 0.6310 0.6659 0.6659 0.6978 0.6978 0.7340
1.5517 1.5517 1.5824 1.5824 1.6261 1.6261 1.6565 1.6565 1.6502 1.6502 1.5964 1.5964 1.4999 1.4999 1.3794 1.3794 1.2597 1.2597 1.1626 1.1626 1.0996 1.0996 1.0706 1.0706 1.0673 1.0673 1.0784 1.0784 1.0931 1.0931 1.1020 1.1020 1.0966 1.0966 1.0701 1.0701 1.0209 1.0209 0.9537 0.9537 0.8776 0.8776 0.8013 0.8013 0.7300 0.7300 0.6653 0.6653 0.6067 0.6067 0.5550 0.5550 0.5133 0.5133 0.4872 0.4872 0.4828 0.4828 0.5032 0.5032 0.5456 0.5456 0.6018 0.6018 0.6616 0.6616 0.7166 0.7166 0.7642 0.7642 0.8104
1.7461 1.7461 1.7692 1.7692 1.7974 1.7974 1.8055 1.8055 1.7744 1.7744 1.6977 1.6977 1.5837 1.5837 1.4533 1.4533 1.3327 1.3327 1.2436 1.2436 1.1946 1.1946 1.1814 1.1814 1.1923 1.1923 1.2146 1.2146 1.2387 1.2387 1.2586 1.2586 1.2696 1.2696 1.2659 1.2659 1.2413 1.2413 1.1930 1.1930 1.1248 1.1248 1.0454 1.0454 0.9629 0.9629 0.8792 0.8792 0.7925 0.7925 0.7025 0.7025 0.6156 0.6156 0.5450 0.5450 0.5052 0.5052 0.5052 0.5052 0.5436 0.5436 0.6108 0.6108 0.6940 0.6940 0.7814 0.7814 0.8635 0.8635 0.9360
1.9101 1.9101 1.9216 1.9216 1.9297 1.9297 1.9151 1.9151 1.8656 1.8656 1.7795 1.7795 1.6667 1.6667 1.5474 1.5474 1.4465 1.4465 1.3830 1.3830 1.3612 1.3612 1.3720 1.3720 1.4004 1.4004 1.4335 1.4335 1.4638 1.4638 1.4897 1.4897 1.5122 1.5122 1.5285 1.5285 1.5288 1.5288 1.5029 1.5029 1.4487 1.4487 1.3726 1.3726 1.2816 1.2816 1.1750 1.1750 1.0483 1.0483 0.9034 0.9034 0.7557 0.7557 0.6295 0.6295 0.5475 0.5475 0.5203 0.5203 0.5449 0.5449 0.6110 0.6110 0.7070 0.7070 0.8210 0.8210 0.9384 0.9384 1.0433
1.9745 1.9745 1.9730 1.9730 1.9627 1.9627 1.9342 1.9342 1.8819 1.8819 1.8068 1.8068 1.7172 1.7172 1.6292 1.6292 1.5627 1.5627 1.5331 1.5331 1.5436 1.5436 1.5843 1.5843 1.6383 1.6383 1.6905 1.6905 1.7330 1.7330 1.7671 1.7671 1.7978 1.7978 1.8250 1.8250 1.8381 1.8381 1.8240 1.8240 1.7777 1.7777 1.7036 1.7036 1.6057 1.6057 1.4801 1.4801 1.3207 1.3207 1.1311 1.1311 0.9315 0.9315 0.7527 0.7527 0.6232 0.6232 0.5580 0.5580 0.5555 0.5555 0.6055 0.6055 0.6959 0.6959 0.8144 0.8144 0.9451 0.9451 1.0703
1.8702 1.8702 1.8565 1.8565 1.8303 1.8303 1.7931 1.7931 1.7475 1.7475 1.6977 1.6977 1.6503 1.6503 1.6141 1.6141 1.5982 1.5982 1.6090 1.6090 1.6471 1.6471 1.7063 1.7063 1.7757 1.7757 1.8444 1.8444 1.9051 1.9051 1.9563 1.9563 1.9998 1.9998 2.0342 2.0342 2.0513 2.0513 2.0397 2.0397 1.9933 1.9933 1.9145 1.9145 1.8075 1.8075 1.6727 1.6727 1.5079 1.5079 1.3157 1.3157 1.1099 1.1099 0.9149 0.9149 0.7587 0.7587 0.6614 0.6614 0.6273 0.6273 0.6484 0.6484 0.7123 0.7123 0.8075 0.8075 0.9226 0.9226 1.0451
1.7948 1.7948 1.7754 1.7754 1.7412 1.7412 1.6990 1.6990 1.6558 1.6558 1.6175 1.6175 1.5897 1.5897 1.5766 1.5766 1.5818 1.5818 1.6069 1.6069 1.6513 1.6513 1.7117 1.7117 1.7832 1.7832 1.8592 1.8592 1.9332 1.9332 2.0000 2.0000 2.0562 2.0562 2.0981 2.0981 2.1182 2.1182 2.1068 2.1068 2.0587 2.0587 1.9761 1.9761 1.8650 1.8650 1.7298 1.7298 1.5715 1.5715 1.3918 1.3918 1.1992 1.1992 1.0121 1.0121 0.8558 0.8558 0.7511 0.7511 0.7050 0.7050 0.7111 0.7111 0.7586 0.7586 0.8381 0.8381 0.9416 0.9416 1.0597
1.7502 1.7502 1.7204 1.7204 1.6714 1.6714 1.6188 1.6188 1.5758 1.5758 1.5490 1.5490 1.5390 1.5390 1.5430 1.5430 1.5584 1.5584 1.5831 1.5831 1.6176 1.6176 1.6657 1.6657 1.7325 1.7325 1.8190 1.8190 1.9186 1.9186 2.0181 2.0181 2.1045 2.1045 2.1681 2.1681 2.2011 2.2011 2.1975 2.1975 2.1548 2.1548 2.0772 2.0772 1.9736 1.9736 1.8536 1.8536 1.7224 1.7224 1.5801 1.5801 1.4260 1.4260 1.2681 1.2681 1.1256 1.1256 1.0196 1.0196 0.9615 0.9615 0.9504 0.9504 0.9797 0.9797 1.0432 1.0432 1.1350 1.1350 1.2462
1.8998 1.8998 1.8624 1.8624 1.8021 1.8021 1.7393 1.7393 1.6891 1.6891 1.6561 1.6561 1.6365 1.6365 1.6250 1.6250 1.6186 1.6186 1.6185 1.6185 1.6296 1.6296 1.6593 1.6593 1.7148 1.7148 1.7969 1.7969 1.8975 1.8975 2.0027 2.0027 2.0986 2.0986 2.1742 2.1742 2.2224 2.2224 2.2386 2.2386 2.2225 2.2225 2.1780 2.1780 2.1122 2.1122 2.0327 2.0327 1.9441 1.9441 1.8458 1.8458 1.7350 1.7350 1.6154 1.6154 1.5011 1.5011 1.4114 1.4114 1.3611 1.3611 1.3547 1.3547 1.3877 1.3877 1.4514 1.4514 1.5353 1.5353 1.6270
2.0039 2.0039 1.9645 1.9645 1.9007 1.9007 1.8332 1.8332 1.7775 1.7775 1.7382 1.7382 1.7114 1.7114 1.6912 1.6912 1.6749 1.6749 1.6642 1.6642 1.6647 1.6647 1.6843 1.6843 1.7291 1.7291 1.7996 1.7996 1.8887 1.8887 1.9845 1.9845 2.0751 2.0751 2.1510 2.1510 2.2057 2.2057 2.2351 2.2351 2.2386 2.2386 2.2185 2.2185 2.1791 2.1791 2.1253 2.1253 2.0602 2.0602 1.9842 1.9842 1.8969 1.8969 1.8023 1.8023 1.7112 1.7112 1.6389 1.6389 1.5989 1.5989 1.5969 1.5969 1.6297 1.6297 1.6884 1.6884 1.7617 1.7617 1.8370
2.1650 2.1650 2.1290 2.1290 2.0694 2.0694 2.0046 2.0046 1.9491 1.9491 1.9076 1.9076 1.8761 1.8761 1.8486 1.8486 1.8213 1.8213 1.7939 1.7939 1.7699 1.7699 1.7556 1.7556 1.7583 1.7583 1.7827 1.7827 1.8287 1.8287 1.8915 1.8915 1.9632 1.9632 2.0361 2.0361 2.1039 2.1039 2.1625 2.1625 2.2091 2.2091 2.2417 2.2417 2.2580 2.2580 2.2564 2.2564 2.2382 2.2382 2.2088 2.2088 2.1752 2.1752 2.1426 2.1426 2.1124 2.1124 2.0863 2.0863 2.0686 2.0686 2.0647 2.0647 2.0769 2.0769 2.1040 2.1040 2.1416 2.1416 2.1815
2.2235 2.2235 2.2048 2.2048 2.1743 2.1743 2.1424 2.1424 2.1156 2.1156 2.0936 2.0936 2.0708 2.0708 2.0426 2.0426 2.0060 2.0060 1.9586 1.9586 1.9004 1.9004 1.8365 1.8365 1.7777 1.7777 1.7368 1.7368 1.7235 1.7235 1.7415 1.7415 1.7883 1.7883 1.8562 1.8562 1.9358 1.9358 2.0190 2.0190 2.0998 2.0998 2.1718 2.1718 2.2286 2.2286 2.2668 2.2668 2.2913 2.2913 2.3140 2.3140 2.3450 2.3450 2.3840 2.3840 2.4205 2.4205 2.4424 2.4424 2.4448 2.4448 2.4314 2.4314 2.4104 2.4104 2.3915 2.3915 2.3831 2.3831 2.3877
2.2207 2.2207 2.2143 2.2143 2.2049 2.2049 2.1967 2.1967 2.1902 2.1902 2.1811 2.1811 2.1643 2.1643 2.1367 2.1367 2.0962 2.0962 2.0396 2.0396 1.9652 1.9652 1.8781 1.8781 1.7905 1.7905 1.7183 1.7183 1.6757 1.6757 1.6711 1.6711 1.7053 1.7053 1.7710 1.7710 1.8564 1.8564 1.9497 1.9497 2.0421 2.0421 2.1257 2.1257 2.1935 2.1935 2.2438 2.2438 2.2850 2.2850 2.3313 2.3313 2.3921 2.3921 2.4622 2.4622 2.5258 2.5258 2.5670 2.5670 2.5792 2.5792 2.5656 2.5656 2.5356 2.5356 2.5015 2.5015 2.4760 2.4760 2.4678
2.2022 2.2022 2.2081 2.2081 2.2197 2.2197 2.2346 2.2346 2.2469 2.2469 2.2493 2.2493 2.2376 2.2376 2.2107 2.2107 2.1674 2.1674 2.1036 2.1036 2.0168 2.0168 1.9118 1.9118 1.8021 1.8021 1.7055 1.7055 1.6393 1.6393 1.6162 1.6162 1.6405 1.6405 1.7058 1.7058 1.7979 1.7979 1.9013 1.9013 2.0042 2.0042 2.0967 2.0967 2.1719 2.1719 2.2301 2.2301 2.2828 2.2828 2.3466 2.3466 2.4288 2.4288 2.5206 2.5206 2.6024 2.6024 2.6573 2.6573 2.6787 2.6787 2.6700 2.6700 2.6400 2.6400 2.6011 2.6011 2.5684 2.5684 2.5552
2.1725 2.1725 2.1892 2.1892 2.2187 2.2187 2.2527 2.2527 2.2798 2.2798 2.2905 2.2905 2.2817 2.2817 2.2547 2.2547 2.2091 2.2091 2.1406 2.1406 2.0466 2.0466 1.9320 1.9320 1.8105 1.8105 1.7004 1.7004 1.6204 1.6204 1.5862 1.5862 1.6052 1.6052 1.6721 1.6721 1.7718 1.7718 1.8860 1.8860 1.9994 1.9994 2.1003 2.1003 2.1815 2.1815 2.2448 2.2448 2.3041 2.3041 2.3767 2.3767 2.4695 2.4695 2.5717 2.5717 2.6630 2.6630 2.7270 2.7270 2.7582 2.7582 2.7593 2.7593 2.7375 2.7375 2.7036 2.7036 2.6731 2.6731 2.6628
2.1381 2.1381 2.1627 2.1627 2.2054 2.2054 2.2529 2.2529 2.2893 2.2893 2.3041 2.3041 2.2956 2.2956 2.2673 2.2673 2.2200 2.2200 2.1502 2.1502 2.0556 2.0556 1.9413 1.9413 1.8202 1.8202 1.7095 1.7095 1.6275 1.6275 1.5910 1.5910 1.6091 1.6091 1.6788 1.6788 1.7852 1.7852 1.9087 1.9087 2.0315 2.0315 2.1400 2.1400 2.2265 2.2265 2.2936 2.2936 2.3557 2.3557 2.4300 2.4300 2.5235 2.5235 2.6270 2.6270 2.7221 2.7221 2.7943 2.7943 2.8379 2.8379 2.8541 2.8541 2.8473 2.8473 2.8257 2.8257 2.8044 2.8044 2.8020
2.1055 2.1055 2.1351 2.1351 2.1853 2.1853 2.2397 2.2397 2.2798 2.2798 2.2946 2.2946 2.2842 2.2842 2.2545 2.2545 2.2080 2.2080 2.1420 2.1420 2.0542 2.0542 1.9496 1.9496 1.8396 1.8396 1.7394 1.7394 1.6653 1.6653 1.6334 1.6334 1.6538 1.6538 1.7254 1.7254 1.8349 1.8349 1.9631 1.9631 2.0912 2.0912 2.2046 2.2046 2.2955 2.2955 2.3663 2.3663 2.4297 2.4297 2.5016 2.5016 2.5899 2.5899 2.6894 2.6894 2.7867 2.7867 2.8696 2.8696 2.9312 2.9312 2.9692 2.9692 2.9838 2.9838 2.9808 2.9808 2.9739 2.9739 2.9816
2.0793 2.0793 2.1102 2.1102 2.1621 2.1621 2.2168 2.2168 2.2550 2.2550 2.2666 2.2666 2.2542 2.2542 2.2259 2.2259 2.1853 2.1853 2.1293 2.1293 2.0550 2.0550 1.9663 1.9663 1.8733 1.8733 1.7892 1.7892 1.7282 1.7282 1.7046 1.7046 1.7282 1.7282 1.7993 1.7993 1.9068 1.9068 2.0331 2.0331 2.1603 2.1603 2.2746 2.2746 2.3688 2.3688 2.4438 2.4438 2.5091 2.5091 2.5777 2.5777 2.6586 2.6586 2.7527 2.7527 2.8532 2.8532 2.9509 2.9509 3.0366 3.0366 3.1031 3.1031 3.1462 3.1462 3.1683 3.1683 3.1809 3.1809 3.2003
2.0586 2.0586 2.0877 2.0877 2.1357 2.1357 2.1849 2.1849 2.2172 2.2172 2.2247 2.2247 2.2125 2.2125 2.1904 2.1904 2.1616 2.1616 2.1210 2.1210 2.0637 2.0637 1.9924 1.9924 1.9168 1.9168 1.8493 1.8493 1.8023 1.8023 1.7878 1.7878 1.8144 1.8144 1.8826 1.8826 1.9833 1.9833 2.1012 2.1012 2.2213 2.2213 2.3328 2.3328 2.4292 2.4292 2.5096 2.5096 2.5784 2.5784 2.6449 2.6449 2.7194 2.7194 2.8089 2.8089 2.9141 2.9141 3.0288 3.0288 3.1418 3.1418 3.2406 3.2406 3.3167 3.3167 3.3694 3.3694 3.4063 3.4063 3.4389
2.0365 2.0365 2.0614 2.0614 2.1021 2.1021 2.1426 2.1426 2.1682 2.1682 2.1736 2.1736 2.1656 2.1656 2.1542 2.1542 2.1406 2.1406 2.1171 2.1171 2.0764 2.0764 2.0206 2.0206 1.9604 1.9604 1.9081 1.9081 1.8748 1.8748 1.8700 1.8700 1.8998 1.8998 1.9638 1.9638 2.0542 2.0542 2.1587 2.1587 2.2669 2.2669 2.3721 2.3721 2.4700 2.4700 2.5570 2.5570 2.6317 2.6317 2.6989 2.6989 2.7696 2.7696 2.8562 2.8562 2.9661 2.9661 3.0963 3.0963 3.2340 3.2340 3.3630 3.3630 3.4710 3.4710 3.5543 3.5543 3.6159 3.6159 3.6621
2.0007 2.0007 2.0211 2.0211 2.0541 2.0541 2.0871 2.0871 2.1089 2.1089 2.1167 2.1167 2.1175 2.1175 2.1190 2.1190 2.1202 2.1202 2.1110 2.1110 2.0838 2.0838 2.0413 2.0413 1.9954 1.9954 1.9588 1.9588 1.9410 1.9410 1.9478 1.9478 1.9820 1.9820 2.0418 2.0418 2.1203 2.1203 2.2087 2.2087 2.3020 2.3020 2.3986 2.3986 2.4967 2.4967 2.5905 2.5905 2.6729 2.6729 2.7438 2.7438 2.8134 2.8134 2.8983 2.8983 3.0111 3.0111 3.1516 3.1516 3.3068 3.3068 3.4579 3.4579 3.5900 3.5900 3.6963 3.6963 3.7764 3.7764 3.8329
1.9397 1.9397 1.9570 1.9570 1.9851 1.9851 2.0146 2.0146 2.0377 2.0377 2.0533 2.0533 2.0663 2.0663 2.0811 2.0811 2.0940 2.0940 2.0951 2.0951 2.0781 2.0781 2.0481 2.0481 2.0179 2.0179 1.9997 1.9997 2.0002 2.0002 2.0213 2.0213 2.0620 2.0620 2.1189 2.1189 2.1862 2.1862 2.2593 2.2593 2.3376 2.3376 2.4246 2.4246 2.5210 2.5210 2.6195 2.6195 2.7088 2.7088 2.7841 2.7841 2.8541 2.8541 2.9373 2.9373 3.0499 3.0499 3.1945 3.1945 3.3585 3.3585 3.5217 3.5217 3.6661 3.6661 3.7826 3.7826 3.8697 3.8697 3.9295
1.8503 1.8503 1.8663 1.8663 1.8930 1.8930 1.9231 1.9231 1.9516 1.9516 1.9781 1.9781 2.0050 2.0050 2.0324 2.0324 2.0548 2.0548 2.0636 2.0636 2.0558 2.0558 2.0388 2.0388 2.0259 2.0259 2.0277 2.0277 2.0476 2.0476 2.0841 2.0841 2.1330 2.1330 2.1899 2.1899 2.2503 2.2503 2.3125 2.3125 2.3797 2.3797 2.4580 2.4580 2.5501 2.5501 2.6490 2.6490 2.7413 2.7413 2.8188 2.8188 2.8882 2.8882 2.9684 2.9684 3.0779 3.0779 3.2217 3.2217 3.3879 3.3879 3.5544 3.5544 3.7003 3.7003 3.8146 3.8146 3.8968 3.8968 3.9521
1.7375 1.7375 1.7538 1.7538 1.7814 1.7814 1.8142 1.8142 1.8493 1.8493 1.8867 1.8867 1.9264 1.9264 1.9654 1.9654 1.9966 1.9966 2.0130 2.0130 2.0148 2.0148 2.0111 2.0111 2.0147 2.0147 2.0342 2.0342 2.0709 2.0709 2.1212 2.1212 2.1795 2.1795 2.2409 2.2409 2.3016 2.3016 2.3612 2.3612 2.4235 2.4235 2.4954 2.4954 2.5809 2.5809 2.6750 2.6750 2.7647 2.7647 2.8406 2.8406 2.9073 2.9073 2.9831 2.9831 3.0877 3.0877 3.2281 3.2281 3.3926 3.3926 3.5570 3.5570 3.6975 3.6975 3.8017 3.8017 3.8715 3.8715 3.9169
1.6092 1.6092 1.6268 1.6268 1.6563 1.6563 1.6921 1.6921 1.7323 1.7323 1.7778 1.7778 1.8275 1.8275 1.8762 1.8762 1.9158 1.9158 1.9404 1.9404 1.9517 1.9517 1.9595 1.9595 1.9758 1.9758 2.0080 2.0080 2.0567 2.0567 2.1181 2.1181 2.1870 2.1870 2.2582 2.2582 2.3278 2.3278 2.3939 2.3939 2.4579 2.4579 2.5257 2.5257 2.6027 2.6027 2.6875 2.6875 2.7702 2.7702 2.8414 2.8414 2.9039 2.9039 2.9750 2.9750 3.0750 3.0750 3.2114 3.2114 3.3724 3.3724 3.5318 3.5318 3.6638 3.6638 3.7554 3.7554 3.8106 3.8106 3.8441
1.4702 1.4702 1.4894 1.4894 1.5214 1.5214 1.5599 1.5599 1.6033 1.6033 1.6533 1.6533 1.7092 1.7092 1.7651 1.7651 1.8119 1.8119 1.8436 1.8436 1.8624 1.8624 1.8782 1.8782 1.9028 1.9028 1.9435 1.9435 2.0012 2.0012 2.0727 2.0727 2.1533 2.1533 2.2384 2.2384 2.3232 2.3232 2.4021 2.4021 2.4725 2.4725 2.5378 2.5378 2.6054 2.6054 2.6786 2.6786 2.7520 2.7520 2.8176 2.8176 2.8768 2.8768 2.9453 2.9453 3.0424 3.0424 3.1757 3.1757 3.3325 3.3325 3.4857 3.4857 3.6084 3.6084 3.6877 3.6877 3.7290 3.7290 3.7500
1.3230 1.3230 1.3436 1.3436 1.3781 1.3781 1.4194 1.4194 1.4651 1.4651 1.5174 1.5174 1.5763 1.5763 1.6362 1.6362 1.6875 1.6875 1.7239 1.7239 1.7473 1.7473 1.7679 1.7679 1.7987 1.7987 1.8474 1.8474 1.9151 1.9151 1.9979 1.9979 2.0914 2.0914 2.1912 2.1912 2.2918 2.2918 2.3847 2.3847 2.4625 2.4625 2.5262 2.5262 2.5846 2.5846 2.6461 2.6461 2.7105 2.7105 2.7720 2.7720 2.8315 2.8315 2.9020 2.9020 3.0004 3.0004 3.1325 3.1325 3.2850 3.2850 3.4306 3.4306 3.5431 3.5431 3.6103 3.6103 3.6380 3.6380 3.6449
1.1722 1.1722 1.1936 1.1936 1.2302 1.2302 1.2745 1.2745 1.3232 1.3232 1.3772 1.3772 1.4369 1.4369 1.4974 1.4974 1.5498 1.5498 1.5878 1.5878 1.6140 1.6140 1.6395 1.6395 1.6782 1.6782 1.7385 1.7385 1.8200 1.8200 1.9166 1.9166 2.0225 2.0225 2.1340 2.1340 2.2458 2.2458 2.3481 2.3481 2.4308 2.4308 2.4925 2.4925 2.5429 2.5429 2.5941 2.5941 2.6511 2.6511 2.7120 2.7120 2.7777 2.7777 2.8576 2.8576 2.9636 2.9636 3.0978 3.0978 3.2458 3.2458 3.3817 3.3817 3.4815 3.4815 3.5342 3.5342 3.5462 3.5462 3.5363
1.0267 1.0267 1.0479 1.0479 1.0858 1.0858 1.1337 1.1337 1.1865 1.1865 1.2426 1.2426 1.3014 1.3014 1.3591 1.3591 1.4089 1.4089 1.4469 1.4469 1.4768 1.4768 1.5109 1.5109 1.5628 1.5628 1.6397 1.6397 1.7384 1.7384 1.8499 1.8499 1.9666 1.9666 2.0848 2.0848 2.2009 2.2009 2.3058 2.3058 2.3888 2.3888 2.4471 2.4471 2.4902 2.4902 2.5325 2.5325 2.5841 2.5841 2.6481 2.6481 2.7264 2.7264 2.8239 2.8239 2.9447 2.9447 3.0849 3.0849 3.2284 3.2284 3.3519 3.3519 3.4347 3.4347 3.4688 3.4688 3.4615 3.4615 3.4317
0.8962 0.8962 0.9166 0.9166 0.9553 0.9553 1.0070 1.0070 1.0646 1.0646 1.1232 1.1232 1.1800 1.1800 1.2327 1.2327 1.2783 1.2783 1.3165 1.3165 1.3531 1.3531 1.4002 1.4002 1.4696 1.4696 1.5656 1.5656 1.6820 1.6820 1.8071 1.8071 1.9320 1.9320 2.0537 2.0537 2.1698 2.1698 2.2727 2.2727 2.3525 2.3525 2.4062 2.4062 2.4423 2.4423 2.4768 2.4768 2.5241 2.5241 2.5932 2.5932 2.6879 2.6879 2.8079 2.8079 2.9485 2.9485 3.0977 3.0977 3.2374 3.2374 3.3463 3.3463 3.4084 3.4084 3.4196 3.4196 3.3901 3.3901 3.3392
