Plotting_Scripts/Figure11/model_2.grd
DSAA
128	 60
-6350.0000	  6350.0000
   50.0000	  5950.0000
    0.0231	     4.0000
[rows 0 to 31 of 60, columns 0 to 70 of 128]
3.4941 3.4941 3.4948 3.4948 3.4911 3.4911 3.4726 3.4726 3.4266 3.4266 3.3440 3.3440 3.2228 3.2228 3.0677 3.0677 2.8866 2.8866 2.6870 2.6870 2.4742 2.4742 2.2552 2.2552 2.0436 2.0436 1.8593 1.8593 1.7166 1.7166 1.6121 1.6121 1.5240 1.5240 1.4230 1.4230 1.2861 1.2861 1.1062 1.1062 0.8953 0.8953 0.6816 0.6816 0.4980 0.4980 0.3669 0.3669 0.2924 0.2924 0.2656 0.2656 0.2761 0.2761 0.3202 0.3202 0.3969 0.3969 0.5016 0.5016 0.6248 0.6248 0.7559 0.7559 0.8869 0.8869 1.0128 1.0128 1.1339 1.1339 1.2565
3.8448 3.8448 3.8164 3.8164 3.7537 3.7537 3.6511 3.6511 3.5103 3.5103 3.3423 3.3423 3.1623 3.1623 2.9839 2.9839 2.8137 2.8137 2.6502 2.6502 2.4859 2.4859 2.3129 2.3129 2.1315 2.1315 1.9520 1.9520 1.7862 1.7862 1.6350 1.6350 1.4842 1.4842 1.3137 1.3137 1.1106 1.1106 0.8767 0.8767 0.6290 0.6290 0.3952 0.3952 0.2048 0.2048 0.0785 0.0785 0.0231 0.0231 0.0342 0.0342 0.1036 0.1036 0.2225 0.2225 0.3802 0.3802 0.5620 0.5620 0.7521 0.7521 0.9390 0.9390 1.1181 1.1181 1.2908 1.2908 1.4597 1.4597 1.6252
3.6277 3.6277 3.5964 3.5964 3.5294 3.5294 3.4234 3.4234 3.2819 3.2819 3.1167 3.1167 2.9428 2.9428 2.7726 2.7726 2.6117 2.6117 2.4584 2.4584 2.3067 2.3067 2.1510 2.1510 1.9899 1.9899 1.8272 1.8272 1.6676 1.6676 1.5091 1.5091 1.3438 1.3438 1.1651 1.1651 0.9741 0.9741 0.7783 0.7783 0.5892 0.5892 0.4221 0.4221 0.2941 0.2941 0.2186 0.2186 0.1997 0.1997 0.2328 0.2328 0.3098 0.3098 0.4237 0.4237 0.5681 0.5681 0.7362 0.7362 0.9216 0.9216 1.1203 1.1203 1.3300 1.3300 1.5472 1.5472 1.7643 1.7643 1.9713
3.1588 3.1588 3.1261 3.1261 3.0580 3.0580 2.9538 2.9538 2.8193 2.8193 2.6686 2.6686 2.5184 2.5184 2.3795 2.3795 2.2524 2.2524 2.1306 2.1306 2.0073 2.0073 1.8801 1.8801 1.7510 1.7510 1.6221 1.6221 1.4918 1.4918 1.3548 1.3548 1.2078 1.2078 1.0558 1.0558 0.9109 0.9109 0.7833 0.7833 0.6759 0.6759 0.5876 0.5876 0.5194 0.5194 0.4760 0.4760 0.4633 0.4633 0.4852 0.4852 0.5430 0.5430 0.6352 0.6352 0.7589 0.7589 0.9102 0.9102 1.0878 1.0878 1.2923 1.2923 1.5229 1.5229 1.7727 1.7727 2.0292 2.0292 2.2785
2.5696 2.5696 2.5360 2.5360 2.4666 2.4666 2.3619 2.3619 2.2301 2.2301 2.0890 2.0890 1.9583 1.9583 1.8496 1.8496 1.7608 1.7608 1.6821 1.6821 1.6048 1.6048 1.5278 1.5278 1.4548 1.4548 1.3878 1.3878 1.3226 1.3226 1.2505 1.2505 1.1659 1.1659 1.0731 1.0731 0.9836 0.9836 0.9083 0.9083 0.8507 0.8507 0.8080 0.8080 0.7770 0.7770 0.7582 0.7582 0.7567 0.7567 0.7810 0.7810 0.8386 0.8386 0.9330 0.9330 1.0614 1.0614 1.2171 1.2171 1.3950 1.3950 1.5945 1.5945 1.8173 1.8173 2.0623 2.0623 2.3232 2.3232 2.5896
1.9712 1.9712 1.9336 1.9336 1.8572 1.8572 1.7449 1.7449 1.6085 1.6085 1.4696 1.4696 1.3511 1.3511 1.2666 1.2666 1.2151 1.2151 1.1855 1.1855 1.1658 1.1658 1.1511 1.1511 1.1435 1.1435 1.1466 1.1466 1.1584 1.1584 1.1689 1.1689 1.1647 1.1647 1.1380 1.1380 1.0925 1.0925 1.0406 1.0406 0.9957 0.9957 0.9665 0.9665 0.9573 0.9573 0.9698 0.9698 1.0061 1.0061 1.0703 1.0703 1.1673 1.1673 1.2973 1.2973 1.4537 1.4537 1.6251 1.6251 1.8034 1.8034 1.9892 1.9892 2.1902 2.1902 2.4138 2.4138 2.6609 2.6609 2.9219
1.4659 1.4659 1.4228 1.4228 1.3388 1.3388 1.2211 1.2211 1.0854 1.0854 0.9542 0.9542 0.8491 0.8491 0.7828 0.7828 0.7556 0.7556 0.7582 0.7582 0.7782 0.7782 0.8071 0.8071 0.8437 0.8437 0.8924 0.8924 0.9555 0.9555 1.0253 1.0253 1.0840 1.0840 1.1143 1.1143 1.1125 1.1125 1.0893 1.0893 1.0621 1.0621 1.0472 1.0472 1.0568 1.0568 1.0991 1.0991 1.1783 1.1783 1.2948 1.2948 1.4458 1.4458 1.6231 1.6231 1.8138 1.8138 2.0042 2.0042 2.1882 2.1882 2.3699 2.3699 2.5604 2.5604 2.7692 2.7692 2.9965 2.9965 3.2311
1.1042 1.1042 1.0562 1.0562 0.9686 0.9686 0.8562 0.8562 0.7373 0.7373 0.6302 0.6302 0.5485 0.5485 0.4988 0.4988 0.4817 0.4817 0.4923 0.4923 0.5225 0.5225 0.5642 0.5642 0.6149 0.6149 0.6782 0.6782 0.7585 0.7585 0.8522 0.8522 0.9455 0.9455 1.0231 1.0231 1.0782 1.0782 1.1146 1.1146 1.1417 1.1417 1.1707 1.1707 1.2139 1.2139 1.2841 1.2841 1.3904 1.3904 1.5353 1.5353 1.7139 1.7139 1.9154 1.9154 2.1260 2.1260 2.3332 2.3332 2.5303 2.5303 2.7188 2.7188 2.9055 2.9055 3.0960 3.0960 3.2888 3.2888 3.4732
0.9818 0.9818 0.9311 0.9311 0.8412 0.8412 0.7305 0.7305 0.6187 0.6187 0.5228 0.5228 0.4535 0.4535 0.4152 0.4152 0.4073 0.4073 0.4253 0.4253 0.4612 0.4612 0.5073 0.5073 0.5604 0.5604 0.6236 0.6236 0.7024 0.7024 0.7963 0.7963 0.8967 0.8967 0.9917 0.9917 1.0746 1.0746 1.1458 1.1458 1.2091 1.2091 1.2702 1.2702 1.3375 1.3375 1.4220 1.4220 1.5345 1.5345 1.6804 1.6804 1.8579 1.8579 2.0584 2.0584 2.2700 2.2700 2.4806 2.4806 2.6821 2.6821 2.8719 2.8719 3.0528 3.0528 3.2284 3.2284 3.3971 3.3971 3.5499
0.8449 0.8449 0.7906 0.7906 0.6950 0.6950 0.5785 0.5785 0.4637 0.4637 0.3708 0.3708 0.3135 0.3135 0.2969 0.2969 0.3181 0.3181 0.3674 0.3674 0.4319 0.4319 0.4995 0.4995 0.5640 0.5640 0.6272 0.6272 0.6971 0.6971 0.7825 0.7825 0.8860 0.8860 1.0043 1.0043 1.1312 1.1312 1.2620 1.2620 1.3925 1.3925 1.5189 1.5189 1.6381 1.6381 1.7529 1.7529 1.8728 1.8728 2.0098 2.0098 2.1709 2.1709 2.3547 2.3547 2.5529 2.5529 2.7537 2.7537 2.9463 2.9463 3.1228 3.1228 3.2795 3.2795 3.4157 3.4157 3.5298 3.5298 3.6163
0.8106 0.8106 0.7563 0.7563 0.6578 0.6578 0.5330 0.5330 0.4048 0.4048 0.2977 0.2977 0.2321 0.2321 0.2185 0.2185 0.2547 0.2547 0.3277 0.3277 0.4196 0.4196 0.5139 0.5139 0.6003 0.6003 0.6780 0.6780 0.7561 0.7561 0.8482 0.8482 0.9646 0.9646 1.1066 1.1066 1.2678 1.2678 1.4394 1.4394 1.6139 1.6139 1.7834 1.7834 1.9397 1.9397 2.0791 2.0791 2.2069 2.2069 2.3367 2.3367 2.4808 2.4808 2.6429 2.6429 2.8170 2.8170 2.9922 2.9922 3.1579 3.1579 3.3059 3.3059 3.4303 3.4303 3.5256 3.5256 3.5866 3.5866 3.6091
0.8071 0.8071 0.7529 0.7529 0.6543 0.6543 0.5287 0.5287 0.3980 0.3980 0.2866 0.2866 0.2159 0.2159 0.1984 0.1984 0.2334 0.2334 0.3086 0.3086 0.4064 0.4064 0.5103 0.5103 0.6091 0.6091 0.7006 0.7006 0.7921 0.7921 0.8974 0.8974 1.0279 1.0279 1.1851 1.1851 1.3615 1.3615 1.5468 1.5468 1.7331 1.7331 1.9131 1.9131 2.0793 2.0793 2.2266 2.2266 2.3578 2.3578 2.4842 2.4842 2.6184 2.6184 2.7662 2.7662 2.9239 2.9239 3.0827 3.0827 3.2329 3.2329 3.3665 3.3665 3.4757 3.4757 3.5518 3.5518 3.5870 3.5870 3.5776
0.8013 0.8013 0.7464 0.7464 0.6479 0.6479 0.5239 0.5239 0.3959 0.3959 0.2870 0.2870 0.2182 0.2182 0.2023 0.2023 0.2388 0.2388 0.3162 0.3162 0.4196 0.4196 0.5364 0.5364 0.6570 0.6570 0.7766 0.7766 0.8989 0.8989 1.0354 1.0354 1.1964 1.1964 1.3811 1.3811 1.5785 1.5785 1.7772 1.7772 1.9708 1.9708 2.1561 2.1561 2.3279 2.3279 2.4802 2.4802 2.6112 2.6112 2.7258 2.7258 2.8334 2.8334 2.9426 2.9426 3.0574 3.0574 3.1766 3.1766 3.2951 3.2951 3.4032 3.4032 3.4865 3.4865 3.5278 3.5278 3.5141 3.5141 3.4443
0.8475 0.8475 0.7928 0.7928 0.6937 0.6937 0.5683 0.5683 0.4400 0.4400 0.3350 0.3350 0.2763 0.2763 0.2756 0.2756 0.3287 0.3287 0.4207 0.4207 0.5360 0.5360 0.6644 0.6644 0.7988 0.7988 0.9350 0.9350 1.0747 1.0747 1.2269 1.2269 1.3996 1.3996 1.5904 1.5904 1.7876 1.7876 1.9798 1.9798 2.1611 2.1611 2.3285 2.3285 2.4789 2.4789 2.6097 2.6097 2.7213 2.7213 2.8177 2.8177 2.9045 2.9045 2.9877 2.9877 3.0725 3.0725 3.1614 3.1614 3.2517 3.2517 3.3331 3.3331 3.3877 3.3877 3.3953 3.3953 3.3430 3.3430 3.2323
0.9037 0.9037 0.8503 0.8503 0.7526 0.7526 0.6274 0.6274 0.4983 0.4983 0.3925 0.3925 0.3347 0.3347 0.3375 0.3375 0.3973 0.3973 0.4986 0.4986 0.6245 0.6245 0.7630 0.7630 0.9064 0.9064 1.0498 1.0498 1.1940 1.1940 1.3464 1.3464 1.5142 1.5142 1.6961 1.6961 1.8824 1.8824 2.0617 2.0617 2.2265 2.2265 2.3725 2.3725 2.4981 2.4981 2.6049 2.6049 2.6980 2.6980 2.7840 2.7840 2.8677 2.8677 2.9515 2.9515 3.0361 3.0361 3.1210 3.1210 3.2013 3.2013 3.2665 3.2665 3.3011 3.3011 3.2892 3.2892 3.2213 3.2213 3.1001
0.9703 0.9703 0.9191 0.9191 0.8248 0.8248 0.7028 0.7028 0.5751 0.5751 0.4681 0.4681 0.4073 0.4073 0.4083 0.4083 0.4703 0.4703 0.5800 0.5800 0.7194 0.7194 0.8735 0.8735 1.0310 1.0310 1.1846 1.1846 1.3333 1.3333 1.4829 1.4829 1.6404 1.6404 1.8068 1.8068 1.9750 1.9750 2.1345 2.1345 2.2758 2.2758 2.3933 2.3933 2.4869 2.4869 2.5629 2.5629 2.6321 2.6321 2.7051 2.7051 2.7872 2.7872 2.8771 2.8771 2.9694 2.9694 3.0568 3.0568 3.1302 3.1302 3.1789 3.1789 3.1917 3.1917 3.1597 3.1597 3.0790 3.0790 2.9531
1.0325 1.0325 0.9838 0.9838 0.8946 0.8946 0.7789 0.7789 0.6559 0.6559 0.5492 0.5492 0.4843 0.4843 0.4799 0.4799 0.5405 0.5405 0.6568 0.6568 0.8110 0.8110 0.9842 0.9842 1.1601 1.1601 1.3273 1.3273 1.4817 1.4817 1.6276 1.6276 1.7724 1.7724 1.9198 1.9198 2.0658 2.0658 2.2009 2.2009 2.3147 2.3147 2.4009 2.4009 2.4603 2.4603 2.5026 2.5026 2.5439 2.5439 2.5995 2.5995 2.6769 2.6769 2.7722 2.7722 2.8737 2.8737 2.9664 2.9664 3.0358 3.0358 3.0704 3.0704 3.0637 3.0637 3.0148 3.0148 2.9255 2.9255 2.7996
1.0782 1.0782 1.0323 1.0323 0.9492 0.9492 0.8423 0.8423 0.7276 0.7276 0.6249 0.6249 0.5581 0.5581 0.5486 0.5486 0.6065 0.6065 0.7270 0.7270 0.8934 0.8934 1.0840 1.0840 1.2778 1.2778 1.4588 1.4588 1.6197 1.6197 1.7629 1.7629 1.8961 1.8961 2.0252 2.0252 2.1486 2.1486 2.2589 2.2589 2.3462 2.3462 2.4039 2.4039 2.4325 2.4325 2.4430 2.4430 2.4548 2.4548 2.4886 2.4886 2.5553 2.5553 2.6504 2.6504 2.7572 2.7572 2.8543 2.8543 2.9215 2.9215 2.9460 2.9460 2.9256 2.9256 2.8655 2.8655 2.7728 2.7728 2.6514
1.0985 1.0985 1.0563 1.0563 0.9815 0.9815 0.8870 0.8870 0.7852 0.7852 0.6917 0.6917 0.6280 0.6280 0.6169 0.6169 0.6725 0.6725 0.7938 0.7938 0.9660 0.9660 1.1663 1.1663 1.3712 1.3712 1.5619 1.5619 1.7282 1.7282 1.8704 1.8704 1.9953 1.9953 2.1093 2.1093 2.2133 2.2133 2.3024 2.3024 2.3690 2.3690 2.4060 2.4060 2.4121 2.4121 2.3968 2.3968 2.3816 2.3816 2.3915 2.3915 2.4418 2.4418 2.5294 2.5294 2.6351 2.6351 2.7324 2.7324 2.7972 2.7972 2.8151 2.8151 2.7865 2.7865 2.7215 2.7215 2.6307 2.6307 2.5183
1.0868 1.0868 1.0513 1.0513 0.9899 0.9899 0.9138 0.9138 0.8313 0.8313 0.7533 0.7533 0.6985 0.6985 0.6898 0.6898 0.7435 0.7435 0.8616 0.8616 1.0309 1.0309 1.2299 1.2299 1.4354 1.4354 1.6284 1.6284 1.7973 1.7973 1.9394 1.9394 2.0590 2.0590 2.1619 2.1619 2.2509 2.2509 2.3249 2.3249 2.3789 2.3789 2.4057 2.4057 2.4007 2.4007 2.3698 2.3698 2.3344 2.3344 2.3229 2.3229 2.3546 2.3546 2.4288 2.4288 2.5262 2.5262 2.6177 2.6177 2.6766 2.6766 2.6880 2.6880 2.6543 2.6543 2.5890 2.5890 2.5046 2.5046 2.4056
1.0450 1.0450 1.0204 1.0204 0.9791 0.9791 0.9285 0.9285 0.8716 0.8716 0.8146 0.8146 0.7733 0.7733 0.7697 0.7697 0.8211 0.8211 0.9313 0.9313 1.0895 1.0895 1.2766 1.2766 1.4724 1.4724 1.6599 1.6599 1.8270 1.8270 1.9678 1.9678 2.0833 2.0833 2.1779 2.1779 2.2565 2.2565 2.3218 2.3218 2.3720 2.3720 2.3993 2.3993 2.3952 2.3952 2.3614 2.3614 2.3174 2.3174 2.2922 2.2922 2.3080 2.3080 2.3666 2.3666 2.4497 2.4497 2.5282 2.5282 2.5748 2.5748 2.5759 2.5759 2.5364 2.5364 2.4723 2.4723 2.3973 2.3973 2.3147
0.9901 0.9901 0.9792 0.9792 0.9621 0.9621 0.9406 0.9406 0.9124 0.9124 0.8790 0.8790 0.8529 0.8529 0.8546 0.8546 0.9015 0.9015 0.9994 0.9994 1.1403 1.1403 1.3084 1.3084 1.4874 1.4874 1.6630 1.6630 1.8233 1.8233 1.9597 1.9597 2.0698 2.0698 2.1574 2.1574 2.2295 2.2295 2.2925 2.2925 2.3467 2.3467 2.3835 2.3835 2.3911 2.3911 2.3674 2.3674 2.3283 2.3283 2.3015 2.3015 2.3091 2.3091 2.3543 2.3543 2.4203 2.4203 2.4794 2.4794 2.5063 2.5063 2.4908 2.4908 2.4413 2.4413 2.3762 2.3762 2.3097 2.3097 2.2441
0.9497 0.9497 0.9514 0.9514 0.9561 0.9561 0.9606 0.9606 0.9581 0.9581 0.9463 0.9463 0.9341 0.9341 0.9391 0.9391 0.9788 0.9788 1.0610 1.0610 1.1813 1.1813 1.3276 1.3276 1.4866 1.4866 1.6463 1.6463 1.7952 1.7952 1.9230 1.9230 2.0254 2.0254 2.1060 2.1060 2.1744 2.1744 2.2398 2.2398 2.3040 2.3040 2.3572 2.3572 2.3849 2.3849 2.3816 2.3816 2.3598 2.3598 2.3436 2.3436 2.3530 2.3530 2.3907 2.3907 2.4408 2.4408 2.4777 2.4777 2.4799 2.4799 2.4418 2.4418 2.3763 2.3763 2.3046 2.3046 2.2418 2.2418 2.1894
0.9458 0.9458 0.9551 0.9551 0.9729 0.9729 0.9935 0.9935 1.0080 1.0080 1.0115 1.0115 1.0093 1.0093 1.0156 1.0156 1.0468 1.0468 1.1133 1.1133 1.2141 1.2141 1.3401 1.3401 1.4798 1.4798 1.6225 1.6225 1.7571 1.7571 1.8730 1.8730 1.9648 1.9648 2.0372 2.0372 2.1021 2.1021 2.1715 2.1715 2.2481 2.2481 2.3209 2.3209 2.3731 2.3731 2.3964 2.3964 2.3996 2.3996 2.4026 2.4026 2.4222 2.4222 2.4595 2.4595 2.4986 2.4986 2.5156 2.5156 2.4926 2.4926 2.4291 2.4291 2.3428 2.3428 2.2582 2.2582 2.1919 2.1919 2.1454
0.9830 0.9830 0.9932 0.9932 1.0125 1.0125 1.0358 1.0358 1.0552 1.0552 1.0654 1.0654 1.0687 1.0687 1.0758 1.0758 1.1014 1.1014 1.1568 1.1568 1.2442 1.2442 1.3562 1.3562 1.4816 1.4816 1.6097 1.6097 1.7300 1.7300 1.8320 1.8320 1.9108 1.9108 1.9720 1.9720 2.0304 2.0304 2.1008 2.1008 2.1870 2.1870 2.2772 2.2772 2.3527 2.3527 2.4028 2.4028 2.4324 2.4324 2.4576 2.4576 2.4918 2.4918 2.5346 2.5346 2.5694 2.5694 2.5728 2.5728 2.5292 2.5292 2.4421 2.4421 2.3339 2.3339 2.2327 2.2327 2.1571 2.1571 2.1091
1.0516 1.0516 1.0567 1.0567 1.0671 1.0671 1.0806 1.0806 1.0927 1.0927 1.1003 1.1003 1.1052 1.1052 1.1148 1.1148 1.1409 1.1409 1.1945 1.1945 1.2784 1.2784 1.3858 1.3858 1.5051 1.5051 1.6246 1.6246 1.7335 1.7335 1.8221 1.8221 1.8863 1.8863 1.9330 1.9330 1.9798 1.9798 2.0444 2.0444 2.1320 2.1320 2.2312 2.2312 2.3225 2.3225 2.3933 2.3933 2.4452 2.4452 2.4904 2.4904 2.5398 2.5398 2.5917 2.5917 2.6285 2.6285 2.6261 2.6261 2.5694 2.5694 2.4645 2.4645 2.3376 2.3376 2.2205 2.2205 2.1340 2.1340 2.0800
1.1403 1.1403 1.1367 1.1367 1.1313 1.1313 1.1258 1.1258 1.1208 1.1208 1.1176 1.1176 1.1198 1.1198 1.1335 1.1335 1.1671 1.1671 1.2285 1.2285 1.3193 1.3193 1.4319 1.4319 1.5534 1.5534 1.6709 1.6709 1.7729 1.7729 1.8504 1.8504 1.9003 1.9003 1.9312 1.9312 1.9626 1.9626 2.0145 2.0145 2.0937 2.0937 2.1903 2.1903 2.2860 2.2860 2.3679 2.3679 2.4348 2.4348 2.4953 2.4953 2.5576 2.5576 2.6191 2.6191 2.6613 2.6613 2.6589 2.6589 2.5964 2.5964 2.4811 2.4811 2.3418 2.3418 2.2137 2.2137 2.1194 2.1194 2.0599
1.2473 1.2473 1.2331 1.2331 1.2086 1.2086 1.1790 1.1790 1.1498 1.1498 1.1283 1.1283 1.1226 1.1226 1.1395 1.1395 1.1845 1.1845 1.2602 1.2602 1.3644 1.3644 1.4876 1.4876 1.6157 1.6157 1.7345 1.7345 1.8324 1.8324 1.9015 1.9015 1.9401 1.9401 1.9580 1.9580 1.9753 1.9753 2.0124 2.0124 2.0775 2.0775 2.1631 2.1631 2.2542 2.2542 2.3388 2.3388 2.4137 2.4137 2.4836 2.4836 2.5540 2.5540 2.6211 2.6211 2.6666 2.6666 2.6654 2.6654 2.6015 2.6015 2.4825 2.4825 2.3384 2.3384 2.2065 2.2065 2.1102 2.1102 2.0495
1.3796 1.3796 1.3542 1.3542 1.3090 1.3090 1.2522 1.2522 1.1941 1.1941 1.1478 1.1478 1.1277 1.1277 1.1439 1.1439 1.1994 1.1994 1.2905 1.2905 1.4089 1.4089 1.5417 1.5417 1.6740 1.6740 1.7918 1.7918 1.8847 1.8847 1.9467 1.9467 1.9784 1.9784 1.9902 1.9902 2.0010 2.0010 2.0294 2.0294 2.0835 2.0835 2.1587 2.1587 2.2435 2.2435 2.3276 2.3276 2.4058 2.4058 2.4787 2.4787 2.5487 2.5487 2.6119 2.6119 2.6524 2.6524 2.6476 2.6476 2.5828 2.5828 2.4648 2.4648 2.3230 2.3230 2.1941 2.1941 2.1017 2.1017 2.0445
1.5426 1.5426 1.5051 1.5051 1.4377 1.4377 1.3518 1.3518 1.2616 1.2616 1.1863 1.1863 1.1468 1.1468 1.1573 1.1573 1.2190 1.2190 1.3215 1.3215 1.4489 1.4489 1.5849 1.5849 1.7142 1.7142 1.8249 1.8249 1.9091 1.9091 1.9641 1.9641 1.9934 1.9934 2.0077 2.0077 2.0235 2.0235 2.0554 2.0554 2.1101 2.1101 2.1839 2.1839 2.2682 2.2682 2.3535 2.3535 2.4322 2.4322 2.5009 2.5009 2.5593 2.5593 2.6049 2.6049 2.6274 2.6274 2.6101 2.6101 2.5413 2.5413 2.4268 2.4268 2.2924 2.2924 2.1715 2.1715 2.0862 2.0862 2.0347
1.7266 1.7266 1.6764 1.6764 1.5859 1.5859 1.4703 1.4703 1.3485 1.3485 1.2446 1.2446 1.1845 1.1845 1.1856 1.1856 1.2476 1.2476 1.3539 1.3539 1.4821 1.4821 1.6127 1.6127 1.7319 1.7319 1.8304 1.8304 1.9035 1.9035 1.9521 1.9521 1.9830 1.9830 2.0075 2.0075 2.0387 2.0387 2.0866 2.0866 2.1542 2.1542 2.2376 2.2376 2.3291 2.3291 2.4187 2.4187 2.4961 2.4961 2.5539 2.5539 2.5901 2.5901 2.6054 2.6054 2.5974 2.5974 2.5581 2.5581 2.4805 2.4805 2.3692 2.3692 2.2441 2.2441 2.1328 2.1328 2.0547 2.0547 2.0079
1.9037 1.9037 1.8416 1.8416 1.7299 1.7299 1.5885 1.5885 1.4405 1.4405 1.3137 1.3137 1.2363 1.2363 1.2267 1.2267 1.2830 1.2830 1.3845 1.3845 1.5049 1.5049 1.6238 1.6238 1.7297 1.7297 1.8162 1.8162 1.8808 1.8808 1.9268 1.9268 1.9633 1.9633 2.0023 2.0023 2.0539 2.0539 2.1234 2.1234 2.2097 2.2097 2.3080 2.3080 2.4100 2.4100 2.5049 2.5049 2.5796 2.5796 2.6233 2.6233 2.6325 2.6325 2.6115 2.6115 2.5663 2.5663 2.4987 2.4987 2.4074 2.4074 2.2960 2.2960 2.1784 2.1784 2.0754 2.0754 2.0021 2.0021 1.9568
